<?xml version="1.0" encoding="utf-8"?>
<COLLADA xmlns="http://www.collada.org/2005/11/COLLADASchema" version="1.4.1">
  <asset>
    <contributor>
      <author>Mixamo</author>
      <authoring_tool>COLLADA Mixamo exporter</authoring_tool>
      <comments/>
    </contributor>
    <created>2024-07-18T17:39:40Z</created>
    <modified>2024-07-18T17:39:40Z</modified>
    <revision/>
    <title/>
    <unit meter="0.010000"/>
    <up_axis>Y_UP</up_axis>
  </asset>
  <library_animations>
    <animation id="Hips-anim" name="Hips">
      <source id="Hips-Matrix-animation-input">
        <float_array id="Hips-Matrix-animation-input-array" count="36">

0.000000 0.033333 0.066667 0.100000 0.133333 0.166667 0.200000 0.233333 0.266667 0.300000 0.333333 0.366667 0.400000 0.433333 0.466667 0.500000
0.533333 0.566667 0.600000 0.633333 0.666667 0.700000 0.733333 0.766667 0.800000 0.833333 0.866667 0.900000 0.933333 0.966667 1.000000 1.033333
1.066667 1.100000 1.133333 1.166667</float_array>
        <technique_common>
          <accessor source="#Hips-Matrix-animation-input-array" count="36">
            <param name="TIME" type="float"/>
          </accessor>
        </technique_common>
      </source>
      <source id="Hips-Matrix-animation-output-transform">
        <float_array id="Hips-Matrix-animation-output-transform-array" count="576">

0.994622 0.033598 -0.097975 -0.144203 0.007351 0.920645 0.390331 122.952408 0.103315 -0.388951 0.915447 0.510348 0.000000 0.000000 0.000000 1.000000
0.993765 0.044004 -0.102441 -2.141030 0.000177 0.918194 0.396130 122.717117 0.111492 -0.393678 0.912462 1.586596 0.000000 0.000000 0.000000 1.000000
0.992793 0.053910 -0.107028 -4.278000 -0.006500 0.916011 0.401101 123.039871 0.119662 -0.397514 0.909760 2.687816 0.000000 0.000000 0.000000 1.000000
0.992143 0.061967 -0.108684 -6.617305 -0.012354 0.912999 0.407775 123.872849 0.124497 -0.403228 0.906591 3.870591 0.000000 0.000000 0.000000 1.000000
0.992157 0.066378 -0.105920 -9.164103 -0.016223 0.908569 0.417420 125.038322 0.123943 -0.412428 0.902519 5.132236 0.000000 0.000000 0.000000 1.000000
0.992728 0.066179 -0.100557 -11.837942 -0.016995 0.904011 0.427171 126.351891 0.119175 -0.422355 0.898562 6.340569 0.000000 0.000000 0.000000 1.000000
0.993464 0.063185 -0.095063 -14.484549 -0.016203 0.902449 0.430492 127.854813 0.112990 -0.426138 0.897574 7.294253 0.000000 0.000000 0.000000 1.000000
0.994461 0.056538 -0.088609 -16.923569 -0.013987 0.906695 0.421555 129.644714 0.104175 -0.417980 0.902463 7.947727 0.000000 0.000000 0.000000 1.000000
0.995866 0.042519 -0.080266 -19.054737 -0.006926 0.916646 0.399640 131.589203 0.090568 -0.397432 0.913151 8.368711 0.000000 0.000000 0.000000 1.000000
0.997154 0.023010 -0.071788 -20.846010 0.005210 0.928968 0.370123 133.468460 0.075205 -0.369444 0.926205 8.580868 0.000000 0.000000 0.000000 1.000000
0.997810 0.003681 -0.066037 -22.278696 0.019152 0.939597 0.341747 135.097336 0.063306 -0.342263 0.937469 8.605772 0.000000 0.000000 0.000000 1.000000
0.997826 -0.011980 -0.064809 -23.357855 0.032297 0.946064 0.322365 136.339706 0.057451 -0.323758 0.944394 8.500629 0.000000 0.000000 0.000000 1.000000
0.997391 -0.024814 -0.067795 -24.122690 0.045025 0.947867 0.315469 137.135483 0.056432 -0.317699 0.946511 8.334301 0.000000 0.000000 0.000000 1.000000
0.996588 -0.037557 -0.073500 -24.625515 0.059167 0.945945 0.318884 137.523666 0.057551 -0.322145 0.944939 8.147708 0.000000 0.000000 0.000000 1.000000
0.995409 -0.050709 -0.081176 -24.908335 0.074616 0.942307 0.326329 137.639038 0.059945 -0.330888 0.941764 7.926561 0.000000 0.000000 0.000000 1.000000
0.993924 -0.061606 -0.091210 -25.024553 0.088625 0.939360 0.331282 137.658264 0.065270 -0.337352 0.939113 7.620118 0.000000 0.000000 0.000000 1.000000
0.992318 -0.068101 -0.103282 -25.075611 0.098858 0.938423 0.331043 137.707687 0.074378 -0.338710 0.937946 7.193692 0.000000 0.000000 0.000000 1.000000
0.990782 -0.072125 -0.114670 -25.194029 0.106307 0.938626 0.328148 137.806244 0.083964 -0.337313 0.937641 6.649220 0.000000 0.000000 0.000000 1.000000
0.989562 -0.078403 -0.120916 -25.481169 0.114346 0.937840 0.327692 137.893036 0.087708 -0.338097 0.937015 5.990323 0.000000 0.000000 0.000000 1.000000
0.988910 -0.089739 -0.118334 -25.971735 0.124630 0.934791 0.332617 137.896072 0.080769 -0.343676 0.935608 5.183668 0.000000 0.000000 0.000000 1.000000
0.988859 -0.104327 -0.106178 -26.657724 0.134772 0.930337 0.341042 137.772110 0.063202 -0.351552 0.934032 4.169940 0.000000 0.000000 0.000000 1.000000
0.989159 -0.117851 -0.087606 -27.526140 0.141230 0.926895 0.347734 137.500641 0.040220 -0.356337 0.933491 2.920734 0.000000 0.000000 0.000000 1.000000
0.989453 -0.127304 -0.069109 -28.551266 0.143511 0.926323 0.348325 137.048203 0.019675 -0.354569 0.934823 1.495112 0.000000 0.000000 0.000000 1.000000
0.989520 -0.132653 -0.057047 -29.673054 0.144206 0.928214 0.342962 136.354401 0.007457 -0.347594 0.937615 0.039709 0.000000 0.000000 0.000000 1.000000
0.989308 -0.136093 -0.052425 -30.838228 0.145811 0.930365 0.336393 135.385345 0.002994 -0.340440 0.940261 -1.276988 0.000000 0.000000 0.000000 1.000000
0.988994 -0.139262 -0.049977 -32.043404 0.147958 0.930864 0.334068 134.185486 -0.000001 -0.337786 0.941223 -2.328159 0.000000 0.000000 0.000000 1.000000
0.989115 -0.140168 -0.044779 -33.318527 0.147038 0.929795 0.337433 132.865784 -0.005662 -0.340344 0.940284 -3.063339 0.000000 0.000000 0.000000 1.000000
0.990321 -0.133019 -0.039630 -34.681202 0.138519 0.929118 0.342859 131.535248 -0.008786 -0.345030 0.938551 -3.506745 0.000000 0.000000 0.000000 1.000000
0.992543 -0.114081 -0.042930 -36.111797 0.121891 0.930294 0.345971 130.271423 0.000469 -0.348624 0.937262 -3.718592 0.000000 0.000000 0.000000 1.000000
0.994712 -0.084007 -0.059075 -37.557178 0.099360 0.932705 0.346683 129.052795 0.025976 -0.350720 0.936120 -3.700383 0.000000 0.000000 0.000000 1.000000
0.995503 -0.047787 -0.081799 -38.997108 0.073502 0.934358 0.348672 127.803314 0.059767 -0.353116 0.933669 -3.427158 0.000000 0.000000 0.000000 1.000000
0.995013 -0.012751 -0.098930 -40.460690 0.047200 0.933921 0.354349 126.494278 0.087874 -0.357251 0.929865 -2.899222 0.000000 0.000000 0.000000 1.000000
0.994513 0.014656 -0.103581 -41.963573 0.024029 0.931660 0.362535 125.203812 0.101815 -0.363034 0.926196 -2.141544 0.000000 0.000000 0.000000 1.000000
0.994675 0.029461 -0.098760 -43.462273 0.009351 0.928519 0.371166 124.132996 0.102635 -0.370113 0.923300 -1.256737 0.000000 0.000000 0.000000 1.000000
0.994968 0.033736 -0.094343 -44.889645 0.004677 0.924946 0.380071 123.393303 0.100084 -0.378599 0.920133 -0.347384 0.000000 0.000000 0.000000 1.000000
0.994622 0.033598 -0.097976 -46.218548 0.007351 0.920645 0.390331 122.952415 0.103315 -0.388951 0.915447 0.510344 0.000000 0.000000 0.000000 1.000000</float_array>
        <technique_common>
          <accessor source="#Hips-Matrix-animation-output-transform-array" count="36" stride="16">
            <param type="float4x4"/>
          </accessor>
        </technique_common>
      </source>
      <source id="Hips-Interpolations">
        <Name_array id="Hips-Interpolations-array" count="36">
 LINEAR LINEAR LINEAR LINEAR LINEAR LINEAR LINEAR LINEAR LINEAR LINEAR LINEAR
LINEAR LINEAR LINEAR LINEAR LINEAR LINEAR LINEAR LINEAR LINEAR LINEAR LINEAR LINEAR
LINEAR LINEAR LINEAR LINEAR LINEAR LINEAR LINEAR LINEAR LINEAR LINEAR LINEAR LINEAR
LINEAR</Name_array>
        <technique_common>
          <accessor source="#Hips-Interpolations-array" count="36">
            <param type="name"/>
          </accessor>
        </technique_common>
      </source>
      <sampler id="Hips-Matrix-animation-transform">
        <input semantic="INPUT" source="#Hips-Matrix-animation-input"/>
        <input semantic="OUTPUT" source="#Hips-Matrix-animation-output-transform"/>
        <input semantic="INTERPOLATION" source="#Hips-Interpolations"/>
      </sampler>
      <channel source="#Hips-Matrix-animation-transform" target="Hips/matrix"/>
    </animation>
    <animation id="Spine-anim" name="Spine">
      <source id="Spine-Matrix-animation-input">
        <float_array id="Spine-Matrix-animation-input-array" count="36">

0.000000 0.033333 0.066667 0.100000 0.133333 0.166667 0.200000 0.233333 0.266667 0.300000 0.333333 0.366667 0.400000 0.433333 0.466667 0.500000
0.533333 0.566667 0.600000 0.633333 0.666667 0.700000 0.733333 0.766667 0.800000 0.833333 0.866667 0.900000 0.933333 0.966667 1.000000 1.033333
1.066667 1.100000 1.133333 1.166667</float_array>
        <technique_common>
          <accessor source="#Spine-Matrix-animation-input-array" count="36">
            <param name="TIME" type="float"/>
          </accessor>
        </technique_common>
      </source>
      <source id="Spine-Matrix-animation-output-transform">
        <float_array id="Spine-Matrix-animation-output-transform-array" count="576">

0.999846 0.004448 -0.016995 0.009000 -0.006683 0.990988 -0.133784 7.062600 0.016247 0.133877 0.990865 -0.984700 0.000000 0.000000 0.000000 1.000000
0.999883 0.001139 -0.015269 0.009000 -0.003184 0.990900 -0.134561 7.062600 0.014977 0.134593 0.990788 -0.984700 0.000000 0.000000 0.000000 1.000000
0.999921 -0.004387 -0.011793 0.009000 0.002741 0.990691 -0.136100 7.062600 0.012280 0.136056 0.990625 -0.984700 0.000000 0.000000 0.000000 1.000000
0.999924 -0.007599 -0.009706 0.009000 0.006189 0.990439 -0.137816 7.062600 0.010660 0.137745 0.990410 -0.984700 0.000000 0.000000 0.000000 1.000000
0.999931 -0.003943 -0.011030 0.009000 0.002373 0.990306 -0.138885 7.062600 0.011471 0.138849 0.990247 -0.984700 0.000000 0.000000 0.000000 1.000000
0.999879 0.006534 -0.014101 0.009000 -0.008428 0.990292 -0.138744 7.062600 0.013057 0.138846 0.990228 -0.984700 0.000000 0.000000 0.000000 1.000000
0.999746 0.016607 -0.015245 0.009000 -0.018550 0.990299 -0.137712 7.062600 0.012810 0.137960 0.990355 -0.984700 0.000000 0.000000 0.000000 1.000000
0.999673 0.021239 -0.014269 0.009000 -0.022992 0.990345 -0.136705 7.062600 0.011228 0.136988 0.990509 -0.984700 0.000000 0.000000 0.000000 1.000000
0.999656 0.022783 -0.012997 0.009000 -0.024345 0.990356 -0.136390 7.062600 0.009764 0.136660 0.990570 -0.984700 0.000000 0.000000 0.000000 1.000000
0.999654 0.023320 -0.012172 0.009000 -0.024768 0.990278 -0.136877 7.062600 0.008862 0.137131 0.990513 -0.984700 0.000000 0.000000 0.000000 1.000000
0.999667 0.022810 -0.012052 0.009000 -0.024254 0.990156 -0.137850 7.062600 0.008789 0.138096 0.990380 -0.984700 0.000000 0.000000 0.000000 1.000000
0.999699 0.020984 -0.012742 0.009000 -0.022552 0.990049 -0.138905 7.062600 0.009701 0.139150 0.990224 -0.984700 0.000000 0.000000 0.000000 1.000000
0.999735 0.018303 -0.013935 0.009000 -0.020072 0.989983 -0.139754 7.062600 0.011237 0.139996 0.990088 -0.984700 0.000000 0.000000 0.000000 1.000000
0.999766 0.015625 -0.014989 0.009000 -0.017574 0.989971 -0.140171 7.062600 0.012649 0.140402 0.990014 -0.984700 0.000000 0.000000 0.000000 1.000000
0.999797 0.013054 -0.015358 0.009000 -0.015076 0.990049 -0.139914 7.062600 0.013378 0.140117 0.990045 -0.984700 0.000000 0.000000 0.000000 1.000000
0.999840 0.009701 -0.015029 0.009000 -0.011694 0.990247 -0.138834 7.062600 0.013536 0.138988 0.990202 -0.984700 0.000000 0.000000 0.000000 1.000000
0.999882 0.005133 -0.014507 0.009000 -0.007075 0.990531 -0.137106 7.062600 0.013666 0.137193 0.990450 -0.984700 0.000000 0.000000 0.000000 1.000000
0.999898 0.000515 -0.014248 0.009000 -0.002439 0.990798 -0.135331 7.062600 0.014048 0.135352 0.990698 -0.984700 0.000000 0.000000 0.000000 1.000000
0.999896 -0.002274 -0.014261 0.009000 0.000338 0.990936 -0.134331 7.062600 0.014437 0.134312 0.990834 -0.984700 0.000000 0.000000 0.000000 1.000000
0.999895 -0.002557 -0.014253 0.009000 0.000613 0.990882 -0.134729 7.062600 0.014468 0.134707 0.990780 -0.984700 0.000000 0.000000 0.000000 1.000000
0.999898 -0.001547 -0.014209 0.009000 -0.000409 0.990628 -0.136590 7.062600 0.014287 0.136582 0.990526 -0.984700 0.000000 0.000000 0.000000 1.000000
0.999891 -0.001003 -0.014738 0.009000 -0.001061 0.990240 -0.139372 7.062600 0.014734 0.139372 0.990130 -0.984700 0.000000 0.000000 0.000000 1.000000
0.999863 -0.001634 -0.016477 0.009000 -0.000725 0.989841 -0.142179 7.062600 0.016542 0.142172 0.989704 -0.984700 0.000000 0.000000 0.000000 1.000000
0.999814 -0.002749 -0.019070 0.009000 -0.000030 0.989549 -0.144194 7.062600 0.019267 0.144168 0.989366 -0.984700 0.000000 0.000000 0.000000 1.000000
0.999773 -0.002578 -0.021153 0.009000 -0.000518 0.989418 -0.145094 7.062600 0.021303 0.145072 0.989192 -0.984700 0.000000 0.000000 0.000000 1.000000
0.999768 0.000511 -0.021510 0.009000 -0.003628 0.989404 -0.145146 7.062600 0.021208 0.145190 0.989176 -0.984700 0.000000 0.000000 0.000000 1.000000
0.999776 0.006257 -0.020218 0.009000 -0.009121 0.989414 -0.144836 7.062600 0.019097 0.144988 0.989249 -0.984700 0.000000 0.000000 0.000000 1.000000
0.999760 0.011821 -0.018430 0.009000 -0.014360 0.989419 -0.144376 7.062600 0.016528 0.144606 0.989351 -0.984700 0.000000 0.000000 0.000000 1.000000
0.999727 0.015268 -0.017660 0.009000 -0.017647 0.989486 -0.143550 7.062600 0.015283 0.143823 0.989485 -0.984700 0.000000 0.000000 0.000000 1.000000
0.999714 0.015791 -0.017951 0.009000 -0.018184 0.989685 -0.142103 7.062600 0.015522 0.142389 0.989689 -0.984700 0.000000 0.000000 0.000000 1.000000
0.999745 0.013466 -0.018152 0.009000 -0.015880 0.990005 -0.140135 7.062600 0.016084 0.140388 0.989966 -0.984700 0.000000 0.000000 0.000000 1.000000
0.999805 0.009170 -0.017497 0.009000 -0.011500 0.990354 -0.138084 7.062600 0.016062 0.138259 0.990266 -0.984700 0.000000 0.000000 0.000000 1.000000
0.999859 0.004306 -0.016227 0.009000 -0.006480 0.990638 -0.136365 7.062600 0.015487 0.136451 0.990526 -0.984700 0.000000 0.000000 0.000000 1.000000
0.999869 0.002251 -0.016014 0.009000 -0.004394 0.990823 -0.135092 7.062600 0.015563 0.135145 0.990704 -0.984700 0.000000 0.000000 0.000000 1.000000
0.999855 0.003055 -0.016740 0.009000 -0.005275 0.990935 -0.134241 7.062600 0.016179 0.134310 0.990807 -0.984700 0.000000 0.000000 0.000000 1.000000
0.999846 0.004448 -0.016995 0.009000 -0.006683 0.990988 -0.133784 7.062600 0.016247 0.133877 0.990865 -0.984700 0.000000 0.000000 0.000000 1.000000</float_array>
        <technique_common>
          <accessor source="#Spine-Matrix-animation-output-transform-array" count="36" stride="16">
            <param type="float4x4"/>
          </accessor>
        </technique_common>
      </source>
      <source id="Spine-Interpolations">
        <Name_array id="Spine-Interpolations-array" count="36">
 LINEAR LINEAR LINEAR LINEAR LINEAR LINEAR LINEAR LINEAR LINEAR LINEAR LINEAR
LINEAR LINEAR LINEAR LINEAR LINEAR LINEAR LINEAR LINEAR LINEAR LINEAR LINEAR LINEAR
LINEAR LINEAR LINEAR LINEAR LINEAR LINEAR LINEAR LINEAR LINEAR LINEAR LINEAR LINEAR
LINEAR</Name_array>
        <technique_common>
          <accessor source="#Spine-Interpolations-array" count="36">
            <param type="name"/>
          </accessor>
        </technique_common>
      </source>
      <sampler id="Spine-Matrix-animation-transform">
        <input semantic="INPUT" source="#Spine-Matrix-animation-input"/>
        <input semantic="OUTPUT" source="#Spine-Matrix-animation-output-transform"/>
        <input semantic="INTERPOLATION" source="#Spine-Interpolations"/>
      </sampler>
      <channel source="#Spine-Matrix-animation-transform" target="Spine/matrix"/>
    </animation>
    <animation id="Spine1-anim" name="Spine1">
      <source id="Spine1-Matrix-animation-input">
        <float_array id="Spine1-Matrix-animation-input-array" count="36">

0.000000 0.033333 0.066667 0.100000 0.133333 0.166667 0.200000 0.233333 0.266667 0.300000 0.333333 0.366667 0.400000 0.433333 0.466667 0.500000
0.533333 0.566667 0.600000 0.633333 0.666667 0.700000 0.733333 0.766667 0.800000 0.833333 0.866667 0.900000 0.933333 0.966667 1.000000 1.033333
1.066667 1.100000 1.133333 1.166667</float_array>
        <technique_common>
          <accessor source="#Spine1-Matrix-animation-input-array" count="36">
            <param name="TIME" type="float"/>
          </accessor>
        </technique_common>
      </source>
      <source id="Spine1-Matrix-animation-output-transform">
        <float_array id="Spine1-Matrix-animation-output-transform-array" count="576">

0.999526 0.009613 -0.029255 0.012400 -0.017029 0.964096 -0.265007 8.239700 0.025657 0.265379 0.963803 -1.148800 0.000000 0.000000 0.000000 1.000000
0.999322 0.014716 -0.033742 0.012400 -0.023180 0.963628 -0.266242 8.239700 0.028597 0.266843 0.963316 -1.148800 0.000000 0.000000 0.000000 1.000000
0.999148 0.019667 -0.036296 0.012400 -0.028719 0.962730 -0.268936 8.239700 0.029654 0.269749 0.962474 -1.148800 0.000000 0.000000 0.000000 1.000000
0.999035 0.024051 -0.036743 0.012400 -0.033160 0.961696 -0.272106 8.239700 0.028791 0.273061 0.961566 -1.148800 0.000000 0.000000 0.000000 1.000000
0.998994 0.027319 -0.035569 0.012400 -0.036043 0.960992 -0.274217 8.239700 0.026690 0.275223 0.961010 -1.148800 0.000000 0.000000 0.000000 1.000000
0.999009 0.029007 -0.033758 0.012400 -0.037168 0.960951 -0.274211 8.239700 0.024486 0.275194 0.961077 -1.148800 0.000000 0.000000 0.000000 1.000000
0.999071 0.029132 -0.031750 0.012400 -0.036696 0.961447 -0.272531 8.239700 0.022586 0.273443 0.961623 -1.148800 0.000000 0.000000 0.000000 1.000000
0.999178 0.028386 -0.028931 0.012400 -0.035170 0.962008 -0.270748 8.239700 0.020146 0.271543 0.962215 -1.148800 0.000000 0.000000 0.000000 1.000000
0.999314 0.027717 -0.024569 0.012400 -0.033332 0.962222 -0.270217 8.239700 0.016151 0.270851 0.962486 -1.148800 0.000000 0.000000 0.000000 1.000000
0.999435 0.027498 -0.019302 0.012400 -0.031706 0.961998 -0.271210 8.239700 0.011111 0.271669 0.962327 -1.148800 0.000000 0.000000 0.000000 1.000000
0.999517 0.027108 -0.015171 0.012400 -0.030223 0.961504 -0.273122 8.239700 0.007183 0.273449 0.961860 -1.148800 0.000000 0.000000 0.000000 1.000000
0.999578 0.025552 -0.013817 0.012400 -0.028368 0.960975 -0.275175 8.239700 0.006246 0.275451 0.961295 -1.148800 0.000000 0.000000 0.000000 1.000000
0.999638 0.022459 -0.014797 0.012400 -0.025679 0.960579 -0.276820 8.239700 0.007996 0.277100 0.960808 -1.148800 0.000000 0.000000 0.000000 1.000000
0.999706 0.018201 -0.016009 0.012400 -0.021932 0.960435 -0.277639 8.239700 0.010322 0.277909 0.960552 -1.148800 0.000000 0.000000 0.000000 1.000000
0.999790 0.013075 -0.015801 0.012400 -0.016944 0.960673 -0.277165 8.239700 0.011555 0.277375 0.960692 -1.148800 0.000000 0.000000 0.000000 1.000000
0.999873 0.006880 -0.014358 0.012400 -0.010565 0.961360 -0.275090 8.239700 0.011911 0.275207 0.961311 -1.148800 0.000000 0.000000 0.000000 1.000000
0.999916 -0.000350 -0.012940 0.012400 -0.003180 0.962366 -0.271737 8.239700 0.012548 0.271756 0.962284 -1.148800 0.000000 0.000000 0.000000 1.000000
0.999898 -0.007496 -0.012176 0.012400 0.003955 0.963331 -0.268285 8.239700 0.013740 0.268209 0.963263 -1.148800 0.000000 0.000000 0.000000 1.000000
0.999851 -0.012802 -0.011564 0.012400 0.009260 0.963831 -0.266354 8.239700 0.014556 0.266208 0.963806 -1.148800 0.000000 0.000000 0.000000 1.000000
0.999825 -0.015412 -0.010583 0.012400 0.012026 0.963579 -0.267154 8.239700 0.014315 0.266980 0.963596 -1.148800 0.000000 0.000000 0.000000 1.000000
0.999819 -0.016285 -0.009829 0.012400 0.013016 0.962548 -0.270798 8.239700 0.013871 0.270621 0.962586 -1.148800 0.000000 0.000000 0.000000 1.000000
0.999792 -0.017378 -0.010695 0.012400 0.013748 0.960992 -0.276235 8.239700 0.015078 0.276030 0.961031 -1.148800 0.000000 0.000000 0.000000 1.000000
0.999709 -0.019805 -0.013796 0.012400 0.015117 0.959373 -0.281737 8.239700 0.018816 0.281446 0.959392 -1.148800 0.000000 0.000000 0.000000 1.000000
0.999584 -0.022789 -0.017652 0.012400 0.016799 0.958167 -0.285715 8.239700 0.023425 0.285299 0.958152 -1.148800 0.000000 0.000000 0.000000 1.000000
0.999518 -0.024468 -0.019109 0.012400 0.017945 0.957603 -0.287531 8.239700 0.025334 0.287049 0.957581 -1.148800 0.000000 0.000000 0.000000 1.000000
0.999597 -0.023627 -0.015707 0.012400 0.018113 0.957551 -0.287696 8.239700 0.021838 0.287295 0.957593 -1.148800 0.000000 0.000000 0.000000 1.000000
0.999756 -0.020568 -0.008117 0.012400 0.017372 0.957740 -0.287110 8.239700 0.013679 0.286898 0.957863 -1.148800 0.000000 0.000000 0.000000 1.000000
0.999861 -0.016656 -0.000155 0.012400 0.015915 0.958051 -0.286154 8.239700 0.004914 0.286112 0.958184 -1.148800 0.000000 0.000000 0.000000 1.000000
0.999905 -0.013234 0.003960 0.012400 0.013814 0.958575 -0.284507 8.239700 -0.000031 0.284534 0.958666 -1.148800 0.000000 0.000000 0.000000 1.000000
0.999939 -0.010711 0.002543 0.012400 0.010994 0.959435 -0.281715 8.239700 0.000578 0.281726 0.959495 -1.148800 0.000000 0.000000 0.000000 1.000000
0.999958 -0.008613 -0.003063 0.012400 0.007422 0.960581 -0.277902 8.239700 0.005335 0.277868 0.960605 -1.148800 0.000000 0.000000 0.000000 1.000000
0.999927 -0.006351 -0.010292 0.012400 0.003290 0.961770 -0.273840 8.239700 0.011638 0.273786 0.961720 -1.148800 0.000000 0.000000 0.000000 1.000000
0.999846 -0.003598 -0.017202 0.012400 -0.001187 0.962765 -0.270338 8.239700 0.017534 0.270317 0.962612 -1.148800 0.000000 0.000000 0.000000 1.000000
0.999739 -0.000102 -0.022852 0.012400 -0.006021 0.963475 -0.267731 8.239700 0.022044 0.267799 0.963223 -1.148800 0.000000 0.000000 0.000000 1.000000
0.999630 0.004333 -0.026862 0.012400 -0.011326 0.963910 -0.265989 8.239700 0.024740 0.266195 0.963602 -1.148800 0.000000 0.000000 0.000000 1.000000
0.999526 0.009613 -0.029255 0.012400 -0.017029 0.964096 -0.265006 8.239700 0.025657 0.265379 0.963803 -1.148800 0.000000 0.000000 0.000000 1.000000</float_array>
        <technique_common>
          <accessor source="#Spine1-Matrix-animation-output-transform-array" count="36" stride="16">
            <param type="float4x4"/>
          </accessor>
        </technique_common>
      </source>
      <source id="Spine1-Interpolations">
        <Name_array id="Spine1-Interpolations-array" count="36">
 LINEAR LINEAR LINEAR LINEAR LINEAR LINEAR LINEAR LINEAR LINEAR LINEAR LINEAR
LINEAR LINEAR LINEAR LINEAR LINEAR LINEAR LINEAR LINEAR LINEAR LINEAR LINEAR LINEAR
LINEAR LINEAR LINEAR LINEAR LINEAR LINEAR LINEAR LINEAR LINEAR LINEAR LINEAR LINEAR
LINEAR</Name_array>
        <technique_common>
          <accessor source="#Spine1-Interpolations-array" count="36">
            <param type="name"/>
          </accessor>
        </technique_common>
      </source>
      <sampler id="Spine1-Matrix-animation-transform">
        <input semantic="INPUT" source="#Spine1-Matrix-animation-input"/>
        <input semantic="OUTPUT" source="#Spine1-Matrix-animation-output-transform"/>
        <input semantic="INTERPOLATION" source="#Spine1-Interpolations"/>
      </sampler>
      <channel source="#Spine1-Matrix-animation-transform" target="Spine1/matrix"/>
    </animation>
    <animation id="Spine2-anim" name="Spine2">
      <source id="Spine2-Matrix-animation-input">
        <float_array id="Spine2-Matrix-animation-input-array" count="36">

0.000000 0.033333 0.066667 0.100000 0.133333 0.166667 0.200000 0.233333 0.266667 0.300000 0.333333 0.366667 0.400000 0.433333 0.466667 0.500000
0.533333 0.566667 0.600000 0.633333 0.666667 0.700000 0.733333 0.766667 0.800000 0.833333 0.866667 0.900000 0.933333 0.966667 1.000000 1.033333
1.066667 1.100000 1.133333 1.166667</float_array>
        <technique_common>
          <accessor source="#Spine2-Matrix-animation-input-array" count="36">
            <param name="TIME" type="float"/>
          </accessor>
        </technique_common>
      </source>
      <source id="Spine2-Matrix-animation-output-transform">
        <float_array id="Spine2-Matrix-animation-output-transform-array" count="576">

0.999526 0.009613 -0.029255 0.014200 -0.017029 0.964096 -0.265007 9.416800 0.025657 0.265379 0.963803 -1.313000 0.000000 0.000000 0.000000 1.000000
0.999322 0.014716 -0.033743 0.014200 -0.023180 0.963628 -0.266242 9.416800 0.028597 0.266843 0.963316 -1.313000 0.000000 0.000000 0.000000 1.000000
0.999148 0.019667 -0.036296 0.014200 -0.028719 0.962730 -0.268936 9.416800 0.029654 0.269749 0.962474 -1.313000 0.000000 0.000000 0.000000 1.000000
0.999035 0.024051 -0.036743 0.014200 -0.033160 0.961696 -0.272105 9.416800 0.028791 0.273061 0.961566 -1.313000 0.000000 0.000000 0.000000 1.000000
0.998994 0.027319 -0.035569 0.014200 -0.036043 0.960992 -0.274217 9.416800 0.026690 0.275223 0.961010 -1.313000 0.000000 0.000000 0.000000 1.000000
0.999009 0.029007 -0.033758 0.014200 -0.037168 0.960951 -0.274211 9.416800 0.024486 0.275193 0.961077 -1.313000 0.000000 0.000000 0.000000 1.000000
0.999071 0.029132 -0.031750 0.014200 -0.036696 0.961447 -0.272531 9.416800 0.022586 0.273443 0.961623 -1.313000 0.000000 0.000000 0.000000 1.000000
0.999178 0.028386 -0.028931 0.014200 -0.035170 0.962008 -0.270748 9.416800 0.020146 0.271543 0.962216 -1.313000 0.000000 0.000000 0.000000 1.000000
0.999314 0.027717 -0.024569 0.014200 -0.033332 0.962222 -0.270217 9.416800 0.016152 0.270851 0.962486 -1.313000 0.000000 0.000000 0.000000 1.000000
0.999435 0.027498 -0.019302 0.014200 -0.031706 0.961998 -0.271210 9.416800 0.011111 0.271669 0.962327 -1.313000 0.000000 0.000000 0.000000 1.000000
0.999517 0.027108 -0.015171 0.014200 -0.030223 0.961504 -0.273123 9.416800 0.007183 0.273449 0.961860 -1.313000 0.000000 0.000000 0.000000 1.000000
0.999578 0.025552 -0.013817 0.014200 -0.028368 0.960975 -0.275175 9.416800 0.006246 0.275451 0.961295 -1.313000 0.000000 0.000000 0.000000 1.000000
0.999638 0.022459 -0.014797 0.014200 -0.025679 0.960578 -0.276821 9.416800 0.007996 0.277100 0.960808 -1.313000 0.000000 0.000000 0.000000 1.000000
0.999706 0.018201 -0.016009 0.014200 -0.021932 0.960435 -0.277639 9.416800 0.010322 0.277909 0.960552 -1.313000 0.000000 0.000000 0.000000 1.000000
0.999790 0.013075 -0.015801 0.014200 -0.016944 0.960673 -0.277166 9.416800 0.011555 0.277375 0.960692 -1.313000 0.000000 0.000000 0.000000 1.000000
0.999873 0.006880 -0.014358 0.014200 -0.010565 0.961360 -0.275090 9.416800 0.011911 0.275207 0.961311 -1.313000 0.000000 0.000000 0.000000 1.000000
0.999916 -0.000350 -0.012940 0.014200 -0.003180 0.962366 -0.271737 9.416800 0.012548 0.271756 0.962284 -1.313000 0.000000 0.000000 0.000000 1.000000
0.999898 -0.007496 -0.012176 0.014200 0.003955 0.963331 -0.268285 9.416800 0.013740 0.268209 0.963263 -1.313000 0.000000 0.000000 0.000000 1.000000
0.999851 -0.012802 -0.011564 0.014200 0.009260 0.963831 -0.266354 9.416800 0.014556 0.266207 0.963806 -1.313000 0.000000 0.000000 0.000000 1.000000
0.999825 -0.015412 -0.010583 0.014200 0.012026 0.963579 -0.267154 9.416800 0.014315 0.266980 0.963596 -1.313000 0.000000 0.000000 0.000000 1.000000
0.999819 -0.016285 -0.009829 0.014200 0.013016 0.962548 -0.270798 9.416800 0.013871 0.270621 0.962586 -1.313000 0.000000 0.000000 0.000000 1.000000
0.999792 -0.017378 -0.010695 0.014200 0.013748 0.960992 -0.276235 9.416800 0.015078 0.276030 0.961031 -1.313000 0.000000 0.000000 0.000000 1.000000
0.999709 -0.019805 -0.013797 0.014200 0.015117 0.959373 -0.281737 9.416800 0.018816 0.281446 0.959392 -1.313000 0.000000 0.000000 0.000000 1.000000
0.999584 -0.022789 -0.017652 0.014200 0.016799 0.958168 -0.285714 9.416800 0.023425 0.285299 0.958152 -1.313000 0.000000 0.000000 0.000000 1.000000
0.999518 -0.024468 -0.019109 0.014200 0.017945 0.957603 -0.287531 9.416800 0.025334 0.287049 0.957581 -1.313000 0.000000 0.000000 0.000000 1.000000
0.999597 -0.023627 -0.015707 0.014200 0.018113 0.957551 -0.287696 9.416800 0.021838 0.287295 0.957593 -1.313000 0.000000 0.000000 0.000000 1.000000
0.999756 -0.020568 -0.008117 0.014200 0.017372 0.957740 -0.287110 9.416800 0.013679 0.286899 0.957863 -1.313000 0.000000 0.000000 0.000000 1.000000
0.999861 -0.016656 -0.000155 0.014200 0.015915 0.958051 -0.286154 9.416800 0.004914 0.286112 0.958184 -1.313000 0.000000 0.000000 0.000000 1.000000
0.999905 -0.013234 0.003960 0.014200 0.013814 0.958575 -0.284507 9.416800 -0.000031 0.284534 0.958666 -1.313000 0.000000 0.000000 0.000000 1.000000
0.999939 -0.010711 0.002543 0.014200 0.010994 0.959435 -0.281715 9.416800 0.000578 0.281726 0.959495 -1.313000 0.000000 0.000000 0.000000 1.000000
0.999958 -0.008613 -0.003063 0.014200 0.007423 0.960581 -0.277902 9.416800 0.005335 0.277868 0.960604 -1.313000 0.000000 0.000000 0.000000 1.000000
0.999927 -0.006351 -0.010292 0.014200 0.003290 0.961770 -0.273840 9.416800 0.011638 0.273787 0.961720 -1.313000 0.000000 0.000000 0.000000 1.000000
0.999846 -0.003598 -0.017202 0.014200 -0.001187 0.962765 -0.270338 9.416800 0.017534 0.270317 0.962612 -1.313000 0.000000 0.000000 0.000000 1.000000
0.999739 -0.000102 -0.022852 0.014200 -0.006021 0.963475 -0.267731 9.416800 0.022044 0.267799 0.963223 -1.313000 0.000000 0.000000 0.000000 1.000000
0.999630 0.004333 -0.026862 0.014200 -0.011326 0.963910 -0.265989 9.416800 0.024740 0.266195 0.963602 -1.313000 0.000000 0.000000 0.000000 1.000000
0.999526 0.009614 -0.029255 0.014200 -0.017029 0.964096 -0.265006 9.416800 0.025657 0.265379 0.963803 -1.313000 0.000000 0.000000 0.000000 1.000000</float_array>
        <technique_common>
          <accessor source="#Spine2-Matrix-animation-output-transform-array" count="36" stride="16">
            <param type="float4x4"/>
          </accessor>
        </technique_common>
      </source>
      <source id="Spine2-Interpolations">
        <Name_array id="Spine2-Interpolations-array" count="36">
 LINEAR LINEAR LINEAR LINEAR LINEAR LINEAR LINEAR LINEAR LINEAR LINEAR LINEAR
LINEAR LINEAR LINEAR LINEAR LINEAR LINEAR LINEAR LINEAR LINEAR LINEAR LINEAR LINEAR
LINEAR LINEAR LINEAR LINEAR LINEAR LINEAR LINEAR LINEAR LINEAR LINEAR LINEAR LINEAR
LINEAR</Name_array>
        <technique_common>
          <accessor source="#Spine2-Interpolations-array" count="36">
            <param type="name"/>
          </accessor>
        </technique_common>
      </source>
      <sampler id="Spine2-Matrix-animation-transform">
        <input semantic="INPUT" source="#Spine2-Matrix-animation-input"/>
        <input semantic="OUTPUT" source="#Spine2-Matrix-animation-output-transform"/>
        <input semantic="INTERPOLATION" source="#Spine2-Interpolations"/>
      </sampler>
      <channel source="#Spine2-Matrix-animation-transform" target="Spine2/matrix"/>
    </animation>
    <animation id="Neck-anim" name="Neck">
      <source id="Neck-Matrix-animation-input">
        <float_array id="Neck-Matrix-animation-input-array" count="36">

0.000000 0.033333 0.066667 0.100000 0.133333 0.166667 0.200000 0.233333 0.266667 0.300000 0.333333 0.366667 0.400000 0.433333 0.466667 0.500000
0.533333 0.566667 0.600000 0.633333 0.666667 0.700000 0.733333 0.766667 0.800000 0.833333 0.866667 0.900000 0.933333 0.966667 1.000000 1.033333
1.066667 1.100000 1.133333 1.166667</float_array>
        <technique_common>
          <accessor source="#Neck-Matrix-animation-input-array" count="36">
            <param name="TIME" type="float"/>
          </accessor>
        </technique_common>
      </source>
      <source id="Neck-Matrix-animation-output-transform">
        <float_array id="Neck-Matrix-animation-output-transform-array" count="576">

0.998979 -0.008954 0.044289 0.016000 -0.000286 0.978898 0.204347 10.593800 -0.045184 -0.204151 0.977896 -1.477100 0.000000 0.000000 0.000000 1.000000
0.999721 0.010537 0.021156 0.016000 -0.015028 0.974264 0.224907 10.593800 -0.018242 -0.225162 0.974151 -1.477100 0.000000 0.000000 0.000000 1.000000
0.999182 0.038409 -0.012690 0.016000 -0.034509 0.973059 0.227961 10.593800 0.021104 -0.227337 0.973588 -1.477100 0.000000 0.000000 0.000000 1.000000
0.996089 0.069265 -0.054850 0.016000 -0.057269 0.978899 0.196156 10.593800 0.067280 -0.192247 0.979037 -1.477100 0.000000 0.000000 0.000000 1.000000
0.990434 0.095659 -0.099448 0.016000 -0.083107 0.988858 0.123501 10.593800 0.110154 -0.114055 0.987349 -1.477100 0.000000 0.000000 0.000000 1.000000
0.983714 0.112949 -0.139817 0.016000 -0.109578 0.993476 0.031603 10.593800 0.142475 -0.015767 0.989673 -1.477100 0.000000 0.000000 0.000000 1.000000
0.977520 0.122057 -0.171923 0.016000 -0.130255 0.990782 -0.037197 10.593800 0.165798 0.058755 0.984408 -1.477100 0.000000 0.000000 0.000000 1.000000
0.972833 0.126306 -0.194018 0.016000 -0.138229 0.989180 -0.049140 10.593800 0.185713 0.074624 0.979766 -1.477100 0.000000 0.000000 0.000000 1.000000
0.970273 0.127709 -0.205575 0.016000 -0.131135 0.991360 -0.003067 10.593800 0.203407 0.029934 0.978637 -1.477100 0.000000 0.000000 0.000000 1.000000
0.969849 0.126901 -0.208059 0.016000 -0.114551 0.990919 0.070416 10.593800 0.215106 -0.044460 0.975578 -1.477100 0.000000 0.000000 0.000000 1.000000
0.970554 0.124997 -0.205912 0.016000 -0.099350 0.986453 0.130537 10.593800 0.219439 -0.106236 0.969825 -1.477100 0.000000 0.000000 0.000000 1.000000
0.970966 0.123893 -0.204633 0.016000 -0.093514 0.983946 0.152005 10.593800 0.220180 -0.128455 0.966964 -1.477100 0.000000 0.000000 0.000000 1.000000
0.970513 0.124558 -0.206371 0.016000 -0.097598 0.985881 0.136063 10.593800 0.220405 -0.111910 0.968967 -1.477100 0.000000 0.000000 0.000000 1.000000
0.970214 0.125223 -0.207376 0.016000 -0.105504 0.989007 0.103602 10.593800 0.218070 -0.078637 0.972760 -1.477100 0.000000 0.000000 0.000000 1.000000
0.972165 0.120979 -0.200648 0.016000 -0.107168 0.991148 0.078363 10.593800 0.208352 -0.054678 0.976524 -1.477100 0.000000 0.000000 0.000000 1.000000
0.977605 0.105731 -0.181960 0.016000 -0.094098 0.992996 0.071445 10.593800 0.188239 -0.052723 0.980707 -1.477100 0.000000 0.000000 0.000000 1.000000
0.985108 0.076833 -0.153814 0.016000 -0.065556 0.994866 0.077101 10.593800 0.158948 -0.065869 0.985087 -1.477100 0.000000 0.000000 0.000000 1.000000
0.991516 0.039412 -0.123866 0.016000 -0.029554 0.996322 0.080433 10.593800 0.126581 -0.076089 0.989034 -1.477100 0.000000 0.000000 0.000000 1.000000
0.995045 0.004579 -0.099318 0.016000 0.002396 0.997544 0.069997 10.593800 0.099395 -0.069888 0.992591 -1.477100 0.000000 0.000000 0.000000 1.000000
0.996415 -0.019023 -0.082429 0.016000 0.022947 0.998635 0.046914 10.593800 0.081424 -0.048638 0.995492 -1.477100 0.000000 0.000000 0.000000 1.000000
0.996980 -0.031249 -0.071094 0.016000 0.033037 0.999163 0.024118 10.593800 0.070281 -0.026394 0.997178 -1.477100 0.000000 0.000000 0.000000 1.000000
0.997374 -0.036233 -0.062714 0.016000 0.037326 0.999170 0.016332 10.593800 0.062070 -0.018630 0.997898 -1.477100 0.000000 0.000000 0.000000 1.000000
0.997824 -0.034020 -0.056484 0.016000 0.035716 0.998933 0.029288 10.593800 0.055428 -0.031242 0.997974 -1.477100 0.000000 0.000000 0.000000 1.000000
0.998413 -0.020897 -0.052300 0.016000 0.023840 0.998129 0.056307 10.593800 0.051026 -0.057465 0.997043 -1.477100 0.000000 0.000000 0.000000 1.000000
0.998809 0.000976 -0.048788 0.016000 0.003126 0.996466 0.083943 10.593800 0.048698 -0.083995 0.995276 -1.477100 0.000000 0.000000 0.000000 1.000000
0.998870 0.019283 -0.043444 0.016000 -0.014763 0.994669 0.102060 10.593800 0.045181 -0.101303 0.993829 -1.477100 0.000000 0.000000 0.000000 1.000000
0.999156 0.021958 -0.034704 0.016000 -0.017995 0.993697 0.110642 10.593800 0.036915 -0.109924 0.993254 -1.477100 0.000000 0.000000 0.000000 1.000000
0.999673 0.010757 -0.023199 0.016000 -0.007959 0.993042 0.117493 10.593800 0.024302 -0.117270 0.992803 -1.477100 0.000000 0.000000 0.000000 1.000000
0.999942 -0.000266 -0.010721 0.016000 0.001640 0.991719 0.128414 10.593800 0.010598 -0.128424 0.991663 -1.477100 0.000000 0.000000 0.000000 1.000000
0.999998 -0.001117 0.001643 0.016000 0.000873 0.989944 0.141455 10.593800 -0.001785 -0.141453 0.989943 -1.477100 0.000000 0.000000 0.000000 1.000000
0.999901 0.002682 0.013786 0.016000 -0.004750 0.988328 0.152265 10.593800 -0.013217 -0.152316 0.988244 -1.477100 0.000000 0.000000 0.000000 1.000000
0.999679 -0.002264 0.025221 0.016000 -0.001843 0.986846 0.161652 10.593800 -0.025255 -0.161646 0.986526 -1.477100 0.000000 0.000000 0.000000 1.000000
0.999213 -0.019741 0.034390 0.016000 0.013453 0.984596 0.174327 10.593800 -0.037302 -0.173727 0.984087 -1.477100 0.000000 0.000000 0.000000 1.000000
0.998512 -0.037085 0.039974 0.016000 0.028816 0.981256 0.190542 10.593800 -0.046291 -0.189107 0.980865 -1.477100 0.000000 0.000000 0.000000 1.000000
0.998440 -0.036115 0.042582 0.016000 0.026747 0.978811 0.203011 10.593800 -0.049012 -0.201556 0.978250 -1.477100 0.000000 0.000000 0.000000 1.000000
0.998979 -0.008954 0.044289 0.016000 -0.000286 0.978898 0.204347 10.593800 -0.045184 -0.204151 0.977896 -1.477100 0.000000 0.000000 0.000000 1.000000</float_array>
        <technique_common>
          <accessor source="#Neck-Matrix-animation-output-transform-array" count="36" stride="16">
            <param type="float4x4"/>
          </accessor>
        </technique_common>
      </source>
      <source id="Neck-Interpolations">
        <Name_array id="Neck-Interpolations-array" count="36">
 LINEAR LINEAR LINEAR LINEAR LINEAR LINEAR LINEAR LINEAR LINEAR LINEAR LINEAR
LINEAR LINEAR LINEAR LINEAR LINEAR LINEAR LINEAR LINEAR LINEAR LINEAR LINEAR LINEAR
LINEAR LINEAR LINEAR LINEAR LINEAR LINEAR LINEAR LINEAR LINEAR LINEAR LINEAR LINEAR
LINEAR</Name_array>
        <technique_common>
          <accessor source="#Neck-Interpolations-array" count="36">
            <param type="name"/>
          </accessor>
        </technique_common>
      </source>
      <sampler id="Neck-Matrix-animation-transform">
        <input semantic="INPUT" source="#Neck-Matrix-animation-input"/>
        <input semantic="OUTPUT" source="#Neck-Matrix-animation-output-transform"/>
        <input semantic="INTERPOLATION" source="#Neck-Interpolations"/>
      </sampler>
      <channel source="#Neck-Matrix-animation-transform" target="Neck/matrix"/>
    </animation>
    <animation id="Head-anim" name="Head">
      <source id="Head-Matrix-animation-input">
        <float_array id="Head-Matrix-animation-input-array" count="36">

0.000000 0.033333 0.066667 0.100000 0.133333 0.166667 0.200000 0.233333 0.266667 0.300000 0.333333 0.366667 0.400000 0.433333 0.466667 0.500000
0.533333 0.566667 0.600000 0.633333 0.666667 0.700000 0.733333 0.766667 0.800000 0.833333 0.866667 0.900000 0.933333 0.966667 1.000000 1.033333
1.066667 1.100000 1.133333 1.166667</float_array>
        <technique_common>
          <accessor source="#Head-Matrix-animation-input-array" count="36">
            <param name="TIME" type="float"/>
          </accessor>
        </technique_common>
      </source>
      <source id="Head-Matrix-animation-output-transform">
        <float_array id="Head-Matrix-animation-output-transform-array" count="576">

0.999266 -0.033546 0.018500 0.000000 0.024930 0.936096 0.350860 5.056400 -0.029088 -0.350141 0.936245 0.719600 0.000000 0.000000 0.000000 1.000000
0.998325 -0.051601 -0.026148 0.000000 0.057282 0.944861 0.322423 5.056400 0.008069 -0.323381 0.946234 0.719600 0.000000 0.000000 0.000000 1.000000
0.993553 -0.074987 -0.085031 -0.000000 0.097626 0.947207 0.305398 5.056400 0.057641 -0.311730 0.948421 0.719600 0.000000 0.000000 0.000000 1.000000
0.983214 -0.097400 -0.154282 0.000000 0.142106 0.939155 0.312720 5.056400 0.114436 -0.329396 0.937232 0.719600 0.000000 0.000000 0.000000 1.000000
0.968008 -0.110569 -0.225245 0.000000 0.186312 0.918016 0.350050 5.056400 0.168074 -0.380817 0.909247 0.719600 0.000000 0.000000 0.000000 1.000000
0.951389 -0.109293 -0.287949 -0.000000 0.224259 0.886651 0.404424 5.056400 0.211110 -0.449339 0.868059 0.719600 0.000000 0.000000 0.000000 1.000000
0.937442 -0.094266 -0.335137 0.000000 0.247382 0.857700 0.450725 5.056400 0.244959 -0.505435 0.827364 0.719600 0.000000 0.000000 0.000000 1.000000
0.929466 -0.069565 -0.362289 0.000000 0.246915 0.846962 0.470838 5.056400 0.274091 -0.527083 0.804399 0.719600 0.000000 0.000000 0.000000 1.000000
0.928901 -0.039746 -0.368189 -0.000000 0.220746 0.857713 0.464328 5.056400 0.297345 -0.512591 0.805504 0.719600 0.000000 0.000000 0.000000 1.000000
