<?xml version="1.0" encoding="utf-8"?>
<COLLADA xmlns="http://www.collada.org/2005/11/COLLADASchema" version="1.4.1" xmlns:xsi="http://www.w3.org/2001/XMLSchema-instance">
  <asset>
    <contributor>
      <author>Blender User</author>
      <authoring_tool>Blender 4.0.1 commit date:2023-11-16, commit time:16:40, hash:d0dd92834a08</authoring_tool>
    </contributor>
    <created>2025-01-18T18:42:36</created>
    <modified>2025-01-18T18:42:36</modified>
    <unit name="meter" meter="1"/>
    <up_axis>Z_UP</up_axis>
  </asset>
  <library_images/>
  <library_controllers/>
  <library_visual_scenes>
    <visual_scene id="Scene" name="Scene">
      <node id="Armature" name="Armature" type="NODE">
        <matrix sid="transform">0.01 0 0 0 0 7.54979e-10 -0.01 0 0 0.01 7.54979e-10 0 0 0 0 1</matrix>
        <node id="Armature_Hips" name="Hips" sid="Hips" type="JOINT">
          <matrix sid="transform">0.914738 0.2604188 -0.3089281 -0.1400644 -0.3948435 0.7384072 -0.5466749 80.98431 0.08575026 0.6220425 0.7782738 1.105252 0 0 0 1</matrix>
          <node id="Armature_Spine" name="Spine" sid="Spine" type="JOINT">
            <matrix sid="transform">0.9775101 -0.1665208 0.1294017 0.009033203 0.1679428 0.9857968 -7.78139e-5 7.062584 -0.1275508 0.02180815 0.9915923 -0.9846725 0 0 0 1</matrix>
            <node id="Armature_Spine1" name="Spine1" sid="Spine1" type="JOINT">
              <matrix sid="transform">0.9999622 -0.006593965 -0.005670585 0.01241779 0.006704334 0.9997841 0.01966935 8.239662 0.005539656 -0.01970658 0.9997905 -1.148842 0 0 0 1</matrix>
              <node id="Armature_Spine2" name="Spine2" sid="Spine2" type="JOINT">
                <matrix sid="transform">0.9999999 3.72529e-8 2.23517e-8 0.01418781 -3.72529e-8 1 -8.9407e-8 9.416779 -4.47035e-8 8.9407e-8 1 -1.312969 0 0 0 1</matrix>
                <node id="Armature_Neck" name="Neck" sid="Neck" type="JOINT">
                  <matrix sid="transform">0.9955915 -0.06487335 -0.06773933 0.01595974 0.07773814 0.9748286 0.2089637 10.59384 0.0524781 -0.2133085 0.9755744 -1.477089 0 0 0 1</matrix>
                  <node id="Armature_Head" name="Head" sid="Head" type="JOINT">
                    <matrix sid="transform">1 3.7998e-7 4.47035e-8 9.53674e-7 -3.7998e-7 1 -2.68221e-7 5.056427 -2.98023e-8 2.68221e-7 1 0.7195587 0 0 0 1</matrix>
                    <node id="Armature_HeadTop_End" name="HeadTop_End" sid="HeadTop_End" type="JOINT">
                      <matrix sid="transform">1 -1.56462e-7 1.49012e-8 1.90735e-6 1.56462e-7 1 8.9407e-8 15.14367 0 -8.9407e-8 1 2.155037 0 0 0 1</matrix>
                      <extra>
                        <technique profile="blender">
                          <roll sid="roll" type="float">-0.2209606</roll>
                          <tip_x sid="tip_x" type="float">1.070724</tip_x>
                          <tip_y sid="tip_y" type="float">13.91777</tip_y>
                          <tip_z sid="tip_z" type="float">6.254942</tip_z>
                        </technique>
                      </extra>
                    </node>
                    <extra>
                      <technique profile="blender">
                        <roll sid="roll" type="float">-0.2209605</roll>
                        <tip_x sid="tip_x" type="float">1.070726</tip_x>
                        <tip_y sid="tip_y" type="float">13.91777</tip_y>
                        <tip_z sid="tip_z" type="float">6.254944</tip_z>
                      </technique>
                    </extra>
                  </node>
                  <extra>
                    <technique profile="blender">
                      <roll sid="roll" type="float">-0.2209606</roll>
                      <tip_x sid="tip_x" type="float">0.357512</tip_x>
                      <tip_y sid="tip_y" type="float">4.647118</tip_y>
                      <tip_z sid="tip_z" type="float">2.088512</tip_z>
                    </technique>
                  </extra>
                </node>
                <node id="Armature_LeftShoulder" name="LeftShoulder" sid="LeftShoulder" type="JOINT">
                  <matrix sid="transform">0.9999943 0.003337808 9.68575e-8 3.528527 -0.003337808 0.9999944 4.17233e-7 8.730392 -7.45058e-8 -4.17233e-7 1 -1.456055 0 0 0 1</matrix>
                  <node id="Armature_LeftArm" name="LeftArm" sid="LeftArm" type="JOINT">
                    <matrix sid="transform">0.7524342 -0.1405438 -0.6434983 7.613197 0.04159248 0.9851586 -0.1665308 -2.29821 0.6573528 0.09853885 0.7471127 0.04206085 0 0 0 1</matrix>
                    <node id="Armature_LeftForeArm" name="LeftForeArm" sid="LeftForeArm" type="JOINT">
                      <matrix sid="transform">0.3378729 -0.5259323 -0.7805363 18.91456 0.4041041 0.8300393 -0.3843622 0.205513 0.8500245 -0.1855524 0.4929793 -1.585625 0 0 0 1</matrix>
                      <node id="Armature_LeftHand" name="LeftHand" sid="LeftHand" type="JOINT">
                        <matrix sid="transform">0.765098 0.640491 0.06630486 18.43614 -0.6248714 0.7136682 0.3165647 0 0.1554372 -0.2836351 0.9462507 -1.33514e-5 0 0 0 1</matrix>
                        <node id="Armature_LeftHandThumb1" name="LeftHandThumb1" sid="LeftHandThumb1" type="JOINT">
                          <matrix sid="transform">0.9694552 -0.2342762 0.07260381 3.08625 0.22709 0.9692122 0.0951715 -1.283718 -0.09266494 -0.0757769 0.9928096 1.422751 0 0 0 1</matrix>
                          <node id="Armature_LeftHandThumb2" name="LeftHandThumb2" sid="LeftHandThumb2" type="JOINT">
                            <matrix sid="transform">0.9999999 -3.34978e-5 3.35425e-5 2.251167 3.35276e-5 1 5.96046e-8 -1.299702 -3.34829e-5 -4.47035e-8 1 1.299685 0 0 0 1</matrix>
                            <node id="Armature_LeftHandThumb3" name="LeftHandThumb3" sid="LeftHandThumb3" type="JOINT">
                              <matrix sid="transform">0.9985632 0.05311483 0.007103562 2.250431 -0.05283144 0.9979743 -0.03543989 -1.299286 -0.008971572 0.03501369 0.9993464 1.299266 0 0 0 1</matrix>
                              <node id="Armature_LeftHandThumb4" name="LeftHandThumb4" sid="LeftHandThumb4" type="JOINT">
                                <matrix sid="transform">1 -1.49012e-7 5.96046e-8 1.642033 1.49012e-7 1 0 -0.8764114 -2.98023e-8 -1.49012e-8 1 0.9589062 0 0 0 1</matrix>
                                <extra>
                                  <technique profile="blender">
                                    <roll sid="roll" type="float">-1.937757</roll>
                                    <tip_x sid="tip_x" type="float">-0.2568522</tip_x>
                                    <tip_y sid="tip_y" type="float">1.462517</tip_y>
                                    <tip_z sid="tip_z" type="float">1.476116</tip_z>
                                  </technique>
                                </extra>
                              </node>
                              <extra>
                                <technique profile="blender">
                                  <roll sid="roll" type="float">-1.937757</roll>
                                  <tip_x sid="tip_x" type="float">-0.2568522</tip_x>
                                  <tip_y sid="tip_y" type="float">1.462517</tip_y>
                                  <tip_z sid="tip_z" type="float">1.476116</tip_z>
                                </technique>
                              </extra>
                            </node>
                            <extra>
                              <technique profile="blender">
                                <roll sid="roll" type="float">-1.927007</roll>
                                <tip_x sid="tip_x" type="float">-0.2112598</tip_x>
                                <tip_y sid="tip_y" type="float">2.118767</tip_y>
                                <tip_z sid="tip_z" type="float">1.976574</tip_z>
                              </technique>
                            </extra>
                          </node>
                          <extra>
                            <technique profile="blender">
                              <roll sid="roll" type="float">-1.927044</roll>
                              <tip_x sid="tip_x" type="float">-0.211359</tip_x>
                              <tip_y sid="tip_y" type="float">2.119385</tip_y>
                              <tip_z sid="tip_z" type="float">1.977276</tip_z>
                            </technique>
                          </extra>
                        </node>
                        <node id="Armature_LeftHandIndex1" name="LeftHandIndex1" sid="LeftHandIndex1" type="JOINT">
                          <matrix sid="transform">0.7925049 -0.5929291 -0.1427273 7.463966 0.5912884 0.8043491 -0.05831435 1.012989 0.1493788 -0.03817862 0.9880427 1.910777 0 0 0 1</matrix>
                          <node id="Armature_LeftHandIndex2" name="LeftHandIndex2" sid="LeftHandIndex2" type="JOINT">
                            <matrix sid="transform">0.9992441 0.03630579 -0.01389328 3.141994 -0.03625447 0.9993349 0.003932521 -0.4199524 0.01402679 -0.003425822 0.9998957 -0.157032 0 0 0 1</matrix>
                            <node id="Armature_LeftHandIndex3" name="LeftHandIndex3" sid="LeftHandIndex3" type="JOINT">
                              <matrix sid="transform">0.9939463 0.1085284 0.01708981 2.086559 -0.1086004 0.9940799 0.003336996 -0.2402802 -0.01662642 -0.005172759 0.9998484 -0.1191473 0 0 0 1</matrix>
                              <node id="Armature_LeftHandIndex4" name="LeftHandIndex4" sid="LeftHandIndex4" type="JOINT">
                                <matrix sid="transform">1 0 -2.98023e-8 1.940571 -2.98023e-8 1 5.96046e-8 -0.1168137 2.98023e-8 -4.47035e-8 1 -0.09415531 0 0 0 1</matrix>
                                <extra>
                                  <technique profile="blender">
                                    <roll sid="roll" type="float">-2.170248</roll>
                                    <tip_x sid="tip_x" type="float">-0.02717971</tip_x>
                                    <tip_y sid="tip_y" type="float">1.709175</tip_y>
                                    <tip_z sid="tip_z" type="float">0.9307633</tip_z>
                                  </technique>
                                </extra>
                              </node>
                              <extra>
                                <technique profile="blender">
                                  <roll sid="roll" type="float">-2.170248</roll>
                                  <tip_x sid="tip_x" type="float">-0.02717971</tip_x>
                                  <tip_y sid="tip_y" type="float">1.709175</tip_y>
                                  <tip_z sid="tip_z" type="float">0.9307633</tip_z>
                                </technique>
                              </extra>
                            </node>
                            <extra>
                              <technique profile="blender">
                                <roll sid="roll" type="float">-2.173064</roll>
                                <tip_x sid="tip_x" type="float">0.09320068</tip_x>
                                <tip_y sid="tip_y" type="float">1.930237</tip_y>
                                <tip_z sid="tip_z" type="float">0.8313522</tip_z>
                              </technique>
                            </extra>
                          </node>
                          <extra>
                            <technique profile="blender">
                              <roll sid="roll" type="float">-2.154804</roll>
                              <tip_x sid="tip_x" type="float">0.1962909</tip_x>
                              <tip_y sid="tip_y" type="float">2.947998</tip_y>
                              <tip_z sid="tip_z" type="float">1.159313</tip_z>
                            </technique>
                          </extra>
                        </node>
                        <node id="Armature_LeftHandMiddle1" name="LeftHandMiddle1" sid="LeftHandMiddle1" type="JOINT">
                          <matrix sid="transform">0.6928637 -0.6882325 -0.2151185 7.485909 0.6824133 0.7222281 -0.1126885 1.406677 0.2329205 -0.06872194 0.9700646 0.2196817 0 0 0 1</matrix>
                          <node id="Armature_LeftHandMiddle2" name="LeftHandMiddle2" sid="LeftHandMiddle2" type="JOINT">
                            <matrix sid="transform">0.9915587 0.001841456 0.1296461 3.573355 0.001542509 0.999661 -0.02599639 -0.7166672 -0.1296499 0.02597687 0.9912196 -0.3488646 0 0 0 1</matrix>
                            <node id="Armature_LeftHandMiddle3" name="LeftHandMiddle3" sid="LeftHandMiddle3" type="JOINT">
                              <matrix sid="transform">0.9812536 0.1866352 0.0480482 2.260979 -0.1864313 0.982429 -0.008729301 -0.4532623 -0.04883319 -3.92035e-4 0.9988068 -0.0671854 0 0 0 1</matrix>
                              <node id="Armature_LeftHandMiddle4" name="LeftHandMiddle4" sid="LeftHandMiddle4" type="JOINT">
                                <matrix sid="transform">0.9999999 -1.46031e-6 -2.98023e-8 2.060341 1.46031e-6 0.9999999 -7.59959e-7 -0.2149963 2.98023e-8 7.7486e-7 0.9999999 -0.009784698 0 0 0 1</matrix>
                                <extra>
                                  <technique profile="blender">
                                    <roll sid="roll" type="float">-2.074253</roll>
                                    <tip_x sid="tip_x" type="float">0.04960346</tip_x>
                                    <tip_y sid="tip_y" type="float">1.891731</tip_y>
                                    <tip_z sid="tip_z" type="float">0.8427429</tip_z>
                                  </technique>
                                </extra>
                              </node>
                              <extra>
                                <technique profile="blender">
                                  <roll sid="roll" type="float">-2.074253</roll>
                                  <tip_x sid="tip_x" type="float">0.04960346</tip_x>
                                  <tip_y sid="tip_y" type="float">1.891731</tip_y>
                                  <tip_z sid="tip_z" type="float">0.8427467</tip_z>
                                </technique>
                              </extra>
                            </node>
                            <extra>
                              <technique profile="blender">
                                <roll sid="roll" type="float">-2.10057</roll>
                                <tip_x sid="tip_x" type="float">0.2812071</tip_x>
                                <tip_y sid="tip_y" type="float">2.213585</tip_y>
                                <tip_z sid="tip_z" type="float">0.5856133</tip_z>
                              </technique>
                            </extra>
                          </node>
                          <extra>
                            <technique profile="blender">
                              <roll sid="roll" type="float">-2.228698</roll>
                              <tip_x sid="tip_x" type="float">0.5239697</tip_x>
                              <tip_y sid="tip_y" type="float">3.488708</tip_y>
                              <tip_z sid="tip_z" type="float">0.9790421</tip_z>
                            </technique>
                          </extra>
                        </node>
                        <node id="Armature_LeftHandRing1" name="LeftHandRing1" sid="LeftHandRing1" type="JOINT">
                          <matrix sid="transform">0.6102599 -0.7287129 -0.3107417 7.119965 0.7120856 0.6764733 -0.18793 1.518379 0.3471555 -0.1065885 0.9317305 -1.082883 0 0 0 1</matrix>
                          <node id="Armature_LeftHandRing2" name="LeftHandRing2" sid="LeftHandRing2" type="JOINT">
                            <matrix sid="transform">0.990467 0.1281157 0.05061197 3.211255 -0.1285824 0.9916804 0.006061614 -0.7630463 -0.04941425 -0.01251163 0.9986999 -0.5296555 0 0 0 1</matrix>
                            <node id="Armature_LeftHandRing3" name="LeftHandRing3" sid="LeftHandRing3" type="JOINT">
                              <matrix sid="transform">0.9732007 0.04447781 0.2256156 1.989315 -0.03699312 0.9986191 -0.0372962 -0.3362961 -0.226963 0.02795047 0.9735023 -0.2749748 0 0 0 1</matrix>
                              <node id="Armature_LeftHandRing4" name="LeftHandRing4" sid="LeftHandRing4" type="JOINT">
                                <matrix sid="transform">1 0 -5.96046e-8 2.030729 0 0.9999999 -4.47035e-8 -0.3001785 5.96046e-8 2.98023e-8 1 -0.0412693 0 0 0 1</matrix>
                                <extra>
                                  <technique profile="blender">
                                    <roll sid="roll" type="float">-2.094558</roll>
                                    <tip_x sid="tip_x" type="float">0.1416912</tip_x>
                                    <tip_y sid="tip_y" type="float">1.92675</tip_y>
                                    <tip_z sid="tip_z" type="float">0.6951599</tip_z>
                                  </technique>
                                </extra>
                              </node>
                              <extra>
                                <technique profile="blender">
                                  <roll sid="roll" type="float">-2.094558</roll>
                                  <tip_x sid="tip_x" type="float">0.1416912</tip_x>
                                  <tip_y sid="tip_y" type="float">1.92675</tip_y>
                                  <tip_z sid="tip_z" type="float">0.6951599</tip_z>
                                </technique>
                              </extra>
                            </node>
                            <extra>
                              <technique profile="blender">
                                <roll sid="roll" type="float">-2.313632</roll>
                                <tip_x sid="tip_x" type="float">0.2438316</tip_x>
                                <tip_y sid="tip_y" type="float">1.910225</tip_y>
                                <tip_z sid="tip_z" type="float">0.6615639</tip_z>
                              </technique>
                            </extra>
                          </node>
                          <extra>
                            <technique profile="blender">
                              <roll sid="roll" type="float">-2.343971</roll>
                              <tip_x sid="tip_x" type="float">0.6773758</tip_x>
                              <tip_y sid="tip_y" type="float">3.184288</tip_y>
                              <tip_z sid="tip_z" type="float">0.7592278</tip_z>
                            </technique>
                          </extra>
                        </node>
                        <node id="Armature_LeftHandPinky1" name="LeftHandPinky1" sid="LeftHandPinky1" type="JOINT">
                          <matrix sid="transform">0.684452 -0.6165813 -0.389041 6.576439 0.5875908 0.7824236 -0.2062767 1.184883 0.4315813 -0.08741047 0.8978291 -2.431359 0 0 0 1</matrix>
                          <node id="Armature_LeftHandPinky2" name="LeftHandPinky2" sid="LeftHandPinky2" type="JOINT">
                            <matrix sid="transform">0.9749194 -0.1690241 0.1447863 3.049585 0.1771825 0.9831327 -0.04534653 -0.4795151 -0.1346794 0.06986277 0.9884233 -0.6277885 0 0 0 1</matrix>
                            <node id="Armature_LeftHandPinky3" name="LeftHandPinky3" sid="LeftHandPinky3" type="JOINT">
                              <matrix sid="transform">0.8764535 0.3860283 0.2877696 1.780502 -0.3786918 0.9217802 -0.08314838 -0.4465256 -0.297358 -0.03610024 0.9540833 -0.2320757 0 0 0 1</matrix>
                              <node id="Armature_LeftHandPinky4" name="LeftHandPinky4" sid="LeftHandPinky4" type="JOINT">
                                <matrix sid="transform">1 2.38419e-7 -1.19209e-7 1.853767 -2.08616e-7 1 -4.61936e-7 -0.08409882 1.78814e-7 4.76837e-7 1 0.04975033 0 0 0 1</matrix>
                                <extra>
                                  <technique profile="blender">
                                    <roll sid="roll" type="float">-2.025334</roll>
                                    <tip_x sid="tip_x" type="float">-0.06539821</tip_x>
                                    <tip_y sid="tip_y" type="float">1.609505</tip_y>
                                    <tip_z sid="tip_z" type="float">0.9226036</tip_z>
                                  </technique>
                                </extra>
                              </node>
                              <extra>
                                <technique profile="blender">
                                  <roll sid="roll" type="float">-2.025334</roll>
                                  <tip_x sid="tip_x" type="float">-0.06539726</tip_x>
                                  <tip_y sid="tip_y" type="float">1.609505</tip_y>
                                  <tip_z sid="tip_z" type="float">0.9226036</tip_z>
                                </technique>
                              </extra>
                            </node>
                            <extra>
                              <technique profile="blender">
                                <roll sid="roll" type="float">-2.276528</roll>
                                <tip_x sid="tip_x" type="float">0.3802013</tip_x>
                                <tip_y sid="tip_y" type="float">1.773758</tip_y>
                                <tip_z sid="tip_z" type="float">0.3641968</tip_z>
                              </technique>
                            </extra>
                          </node>
                          <extra>
                            <technique profile="blender">
                              <roll sid="roll" type="float">-2.443553</roll>
                              <tip_x sid="tip_x" type="float">0.3778973</tip_x>
                              <tip_y sid="tip_y" type="float">2.919266</tip_y>
                              <tip_z sid="tip_z" type="float">1.122116</tip_z>
                            </technique>
                          </extra>
                        </node>
                        <extra>
                          <technique profile="blender">
                            <roll sid="roll" type="float">-2.073117</roll>
                            <tip_x sid="tip_x" type="float">-1.562389</tip_x>
                            <tip_y sid="tip_y" type="float">3.834099</tip_y>
                            <tip_z sid="tip_z" type="float">5.266396</tip_z>
                          </technique>
                        </extra>
                      </node>
                      <extra>
                        <technique profile="blender">
                          <roll sid="roll" type="float">-2.110177</roll>
                          <tip_x sid="tip_x" type="float">-4.15741</tip_x>
                          <tip_y sid="tip_y" type="float">17.77789</tip_y>
                          <tip_z sid="tip_z" type="float">2.560158</tip_z>
                        </technique>
                      </extra>
                    </node>
                    <extra>
                      <technique profile="blender">
                        <roll sid="roll" type="float">-0.9319143</roll>
                        <tip_x sid="tip_x" type="float">-1.127976</tip_x>
                        <tip_y sid="tip_y" type="float">14.28219</tip_y>
                        <tip_z sid="tip_z" type="float">12.45247</tip_z>
                      </technique>
                    </extra>
                  </node>
                  <extra>
                    <technique profile="blender">
                      <roll sid="roll" type="float">-0.1607018</roll>
                      <tip_x sid="tip_x" type="float">0.7806244</tip_x>
                      <tip_y sid="tip_y" type="float">6.313568</tip_y>
                      <tip_z sid="tip_z" type="float">4.772188</tip_z>
                    </technique>
                  </extra>
                </node>
                <node id="Armature_RightShoulder" name="RightShoulder" sid="RightShoulder" type="JOINT">
                  <matrix sid="transform">0.9999993 -0.001058202 7.45058e-9 -3.474258 0.001058217 0.9999995 2.68221e-7 8.730385 1.49012e-8 -2.98023e-7 1 -1.498123 0 0 0 1</matrix>
                  <node id="Armature_RightArm" name="RightArm" sid="RightArm" type="JOINT">
                    <matrix sid="transform">0.861683 -0.2480322 0.4426991 -7.569347 0.2573021 0.9654979 0.0401212 -2.306862 -0.4373763 0.07933581 0.8957722 -0.04206085 0 0 0 1</matrix>
                    <node id="Armature_RightForeArm" name="RightForeArm" sid="RightForeArm" type="JOINT">
                      <matrix sid="transform">0.9901538 0.02343086 -0.1380079 -18.90781 -0.02346499 0.9997237 0.001379937 0.2141571 0.1380021 0.001872063 0.9904302 -1.459435 0 0 0 1</matrix>
                      <node id="Armature_RightHand" name="RightHand" sid="RightHand" type="JOINT">
                        <matrix sid="transform">0.926353 -0.3337033 -0.174677 -18.46194 0.3711216 0.8878635 0.271969 -0.008529663 0.06433235 -0.3167657 0.9463196 -0.1439972 0 0 0 1</matrix>
                        <node id="Armature_RightHandThumb1" name="RightHandThumb1" sid="RightHandThumb1" type="JOINT">
                          <matrix sid="transform">0.9826565 0.1719789 -0.06935032 -3.037377 -0.1678405 0.9838825 0.061681 -1.206429 0.07884037 -0.04897144 0.9956837 1.359058 0 0 0 1</matrix>
                          <node id="Armature_RightHandThumb2" name="RightHandThumb2" sid="RightHandThumb2" type="JOINT">
                            <matrix sid="transform">1 2.57492e-5 8.15988e-5 -2.193348 -2.57716e-5 1 6.22869e-5 -1.266357 -8.15988e-5 -6.22272e-5 1 1.266357 0 0 0 1</matrix>
                            <node id="Armature_RightHandThumb3" name="RightHandThumb3" sid="RightHandThumb3" type="JOINT">
                              <matrix sid="transform">0.9999999 -5.04479e-5 -2.11596e-6 -2.259937 5.04702e-5 1 -3.11136e-5 -1.304749 2.17557e-6 3.11434e-5 0.9999999 1.304726 0 0 0 1</matrix>
                              <node id="Armature_RightHandThumb4" name="RightHandThumb4" sid="RightHandThumb4" type="JOINT">
                                <matrix sid="transform">1 2.98023e-8 0 -1.680473 2.23517e-8 1 1.19209e-7 -0.9702301 0 -1.49012e-7 1 0.9702396 0 0 0 1</matrix>
                                <extra>
                                  <technique profile="blender">
                                    <roll sid="roll" type="float">-0.2451389</roll>
                                    <tip_x sid="tip_x" type="float">-0.7288475</tip_x>
                                    <tip_y sid="tip_y" type="float">1.937912</tip_y>
                                    <tip_z sid="tip_z" type="float">0.6480446</tip_z>
                                  </technique>
                                </extra>
                              </node>
                              <extra>
                                <technique profile="blender">
                                  <roll sid="roll" type="float">-0.2451389</roll>
                                  <tip_x sid="tip_x" type="float">-0.7288475</tip_x>
                                  <tip_y sid="tip_y" type="float">1.937912</tip_y>
                                  <tip_z sid="tip_z" type="float">0.6480446</tip_z>
                                </technique>
                              </extra>
                            </node>
                            <extra>
                              <technique profile="blender">
                                <roll sid="roll" type="float">-0.2451311</roll>
                                <tip_x sid="tip_x" type="float">-0.9800034</tip_x>
                                <tip_y sid="tip_y" type="float">2.606178</tip_y>
                                <tip_z sid="tip_z" type="float">0.8714504</tip_z>
                              </technique>
                            </extra>
                          </node>
                          <extra>
                            <technique profile="blender">
                              <roll sid="roll" type="float">-0.2452093</roll>
                              <tip_x sid="tip_x" type="float">-0.9512405</tip_x>
                              <tip_y sid="tip_y" type="float">2.529343</tip_y>
                              <tip_z sid="tip_z" type="float">0.8459263</tip_z>
                            </technique>
                          </extra>
                        </node>
                        <node id="Armature_RightHandIndex1" name="RightHandIndex1" sid="RightHandIndex1" type="JOINT">
                          <matrix sid="transform">0.7723804 0.5701144 0.2799965 -7.397801 -0.566231 0.8177691 -0.1031311 1.015457 -0.287769 -0.0788863 0.9544453 2.172447 0 0 0 1</matrix>
                          <node id="Armature_RightHandIndex2" name="RightHandIndex2" sid="RightHandIndex2" type="JOINT">
                            <matrix sid="transform">0.9979317 -0.02931974 -0.05720697 -3.182396 0.02903702 0.9995617 -0.005767316 -0.4139252 0.05735098 0.004094273 0.9983457 -0.274704 0 0 0 1</matrix>
                            <node id="Armature_RightHandIndex3" name="RightHandIndex3" sid="RightHandIndex3" type="JOINT">
                              <matrix sid="transform">0.9942414 -0.07159313 -0.07973969 -2.086567 0.07118204 0.9974313 -0.007989705 -0.2402802 0.0801069 0.002267659 0.9967837 -0.1191521 0 0 0 1</matrix>
                              <node id="Armature_RightHandIndex4" name="RightHandIndex4" sid="RightHandIndex4" type="JOINT">
                                <matrix sid="transform">1 1.86265e-9 3.72529e-8 -1.982117 -3.72529e-9 1 -8.9407e-7 -0.1565933 -4.47035e-8 9.23872e-7 1 -0.03290939 0 0 0 1</matrix>
                                <extra>
                                  <technique profile="blender">
                                    <roll sid="roll" type="float">0.0732057</roll>
                                    <tip_x sid="tip_x" type="float">-0.01020812</tip_x>
                                    <tip_y sid="tip_y" type="float">1.862389</tip_y>
                                    <tip_z sid="tip_z" type="float">0.6969833</tip_z>
                                  </technique>
                                </extra>
                              </node>
                              <extra>
                                <technique profile="blender">
                                  <roll sid="roll" type="float">0.0732057</roll>
                                  <tip_x sid="tip_x" type="float">-0.01020812</tip_x>
                                  <tip_y sid="tip_y" type="float">1.862389</tip_y>
                                  <tip_z sid="tip_z" type="float">0.6969814</tip_z>
                                </technique>
                              </extra>
                            </node>
                            <extra>
                              <technique profile="blender">
                                <roll sid="roll" type="float">0.1660252</roll>
                                <tip_x sid="tip_x" type="float">0.1373176</tip_x>
                                <tip_y sid="tip_y" type="float">1.975662</tip_y>
                                <tip_z sid="tip_z" type="float">0.7096329</tip_z>
                              </technique>
                            </extra>
                          </node>
                          <extra>
                            <technique profile="blender">
                              <roll sid="roll" type="float">0.2285158</roll>
                              <tip_x sid="tip_x" type="float">0.2995072</tip_x>
                              <tip_y sid="tip_y" type="float">3.029106</tip_y>
                              <tip_z sid="tip_z" type="float">1.053207</tip_z>
                            </technique>
                          </extra>
                        </node>
                        <node id="Armature_RightHandMiddle1" name="RightHandMiddle1" sid="RightHandMiddle1" type="JOINT">
                          <matrix sid="transform">0.650288 0.6795561 0.3396015 -7.291866 -0.672876 0.7227366 -0.157764 1.320297 -0.352652 -0.1259176 0.9272439 0.5040741 0 0 0 1</matrix>
                          <node id="Armature_RightHandMiddle2" name="RightHandMiddle2" sid="RightHandMiddle2" type="JOINT">
                            <matrix sid="transform">0.9690189 -0.1560949 -0.1914073 -3.741611 0.1521198 0.9877287 -0.03538233 -0.783844 0.1945815 0.005169332 0.9808728 -0.4892654 0 0 0 1</matrix>
                            <node id="Armature_RightHandMiddle3" name="RightHandMiddle3" sid="RightHandMiddle3" type="JOINT">
                              <matrix sid="transform">0.9936731 -4.14416e-4 -0.1123097 -2.260975 -0.001216664 0.9998947 -0.01445419 -0.2911835 0.1123039 0.0144994 0.9935679 -0.06718445 0 0 0 1</matrix>
                              <node id="Armature_RightHandMiddle4" name="RightHandMiddle4" sid="RightHandMiddle4" type="JOINT">
                                <matrix sid="transform">0.9999999 -1.25263e-7 9.31323e-9 -1.901596 1.18278e-7 1 0 -0.2452621 -9.31323e-9 2.98023e-8 1 0.05234528 0 0 0 1</matrix>
                                <extra>
                                  <technique profile="blender">
                                    <roll sid="roll" type="float">0.003870487</roll>
                                    <tip_x sid="tip_x" type="float">0.1798782</tip_x>
                                    <tip_y sid="tip_y" type="float">1.784737</tip_y>
                                    <tip_z sid="tip_z" type="float">0.6791964</tip_z>
                                  </technique>
                                </extra>
                              </node>
                              <extra>
                                <technique profile="blender">
                                  <roll sid="roll" type="float">0.003870487</roll>
                                  <tip_x sid="tip_x" type="float">0.1798782</tip_x>
                                  <tip_y sid="tip_y" type="float">1.784737</tip_y>
                                  <tip_z sid="tip_z" type="float">0.6791964</tip_z>
                                </technique>
                              </extra>
                            </node>
                            <extra>
                              <technique profile="blender">
                                <roll sid="roll" type="float">0.1168887</roll>
                                <tip_x sid="tip_x" type="float">0.2115364</tip_x>
                                <tip_y sid="tip_y" type="float">2.133827</tip_y>
                                <tip_z sid="tip_z" type="float">0.7767382</tip_z>
                              </technique>
                            </extra>
                          </node>
                          <extra>
                            <technique profile="blender">
                              <roll sid="roll" type="float">0.3408482</roll>
                              <tip_x sid="tip_x" type="float">0.9202614</tip_x>
                              <tip_y sid="tip_y" type="float">3.578552</tip_y>
                              <tip_z sid="tip_z" type="float">1.095654</tip_z>
                            </technique>
                          </extra>
                        </node>
                        <node id="Armature_RightHandRing1" name="RightHandRing1" sid="RightHandRing1" type="JOINT">
                          <matrix sid="transform">0.5369414 0.755775 0.3748308 -7.094181 -0.7470593 0.6323831 -0.2049247 1.655769 -0.3919136 -0.1699883 0.9041613 -0.9388885 0 0 0 1</matrix>
                          <node id="Armature_RightHandRing2" name="RightHandRing2" sid="RightHandRing2" type="JOINT">
                            <matrix sid="transform">0.9783487 -0.2004884 -0.05136392 -3.211266 0.2014589 0.9793907 0.01441504 -0.8918991 0.04741529 -0.02445066 0.9985759 -0.5296593 0 0 0 1</matrix>
                            <node id="Armature_RightHandRing3" name="RightHandRing3" sid="RightHandRing3" type="JOINT">
                              <matrix sid="transform">0.9738059 0.09141741 -0.2081951 -1.989319 -0.1014622 0.9941108 -0.03806755 -0.3362885 0.2034889 0.05819434 0.9773462 -0.2749786 0 0 0 1</matrix>
                              <node id="Armature_RightHandRing4" name="RightHandRing4" sid="RightHandRing4" type="JOINT">
                                <matrix sid="transform">1 1.86265e-6 -1.49012e-8 -2.03495 -1.85147e-6 1 -2.38419e-7 -0.4475784 4.47035e-8 2.38419e-7 1 -0.06024551 0 0 0 1</matrix>
                                <extra>
                                  <technique profile="blender">
                                    <roll sid="roll" type="float">0.1485166</roll>
                                    <tip_x sid="tip_x" type="float">0.5544205</tip_x>
                                    <tip_y sid="tip_y" type="float">1.896828</tip_y>
                                    <tip_z sid="tip_z" type="float">0.6630058</tip_z>
                                  </technique>
                                </extra>
                              </node>
                              <extra>
                                <technique profile="blender">
                                  <roll sid="roll" type="float">0.1485163</roll>
                                  <tip_x sid="tip_x" type="float">0.5544167</tip_x>
                                  <tip_y sid="tip_y" type="float">1.896828</tip_y>
                                  <tip_z sid="tip_z" type="float">0.6630058</tip_z>
                                </technique>
                              </extra>
                            </node>
                            <extra>
                              <technique profile="blender">
                                <roll sid="roll" type="float">0.3420563</roll>
                                <tip_x sid="tip_x" type="float">0.332634</tip_x>
                                <tip_y sid="tip_y" type="float">1.914055</tip_y>
                                <tip_z sid="tip_z" type="float">0.6097517</tip_z>
                              </technique>
                            </extra>
                          </node>
                          <extra>
                            <technique profile="blender">
                              <roll sid="roll" type="float">0.4270684</roll>
                              <tip_x sid="tip_x" type="float">1.192268</tip_x>
                              <tip_y sid="tip_y" type="float">3.054131</tip_y>
                              <tip_z sid="tip_z" type="float">0.799387</tip_z>
                            </technique>
                          </extra>
                        </node>
                        <node id="Armature_RightHandPinky1" name="RightHandPinky1" sid="RightHandPinky1" type="JOINT">
                          <matrix sid="transform">0.5659339 0.7092535 0.420331 -6.550649 -0.692575 0.6855752 -0.2243351 1.457855 -0.4472791 -0.1641519 0.8792016 -2.287361 0 0 0 1</matrix>
                          <node id="Armature_RightHandPinky2" name="RightHandPinky2" sid="RightHandPinky2" type="JOINT">
                            <matrix sid="transform">0.995953 0.0337969 0.08327949 -3.135571 -0.03491436 0.9993182 0.0119984 -0.7562943 -0.08281717 -0.01485747 0.996454 -0.6027527 0 0 0 1</matrix>
                            <node id="Armature_RightHandPinky3" name="RightHandPinky3" sid="RightHandPinky3" type="JOINT">
                              <matrix sid="transform">0.8983979 -0.4264469 -0.1049959 -1.668236 0.4337718 0.8990101 0.06018975 -0.4341583 0.06872469 -0.0996187 0.9926494 -0.3975868 0 0 0 1</matrix>
                              <node id="Armature_RightHandPinky4" name="RightHandPinky4" sid="RightHandPinky4" type="JOINT">
