<?xml version="1.0" encoding="utf-8"?>
<COLLADA xmlns="http://www.collada.org/2005/11/COLLADASchema" version="1.4.1">
  <asset>
    <contributor>
      <author>Mixamo</author>
      <authoring_tool>COLLADA Mixamo exporter</authoring_tool>
      <comments/>
    </contributor>
    <created>2022-03-27T18:00:50Z</created>
    <modified>2022-03-27T18:00:50Z</modified>
    <revision/>
    <title/>
    <unit meter="0.010000"/>
    <up_axis>Y_UP</up_axis>
  </asset>
  <library_animations>
    <animation id="Hips-anim" name="Hips">
      <source id="Hips-Matrix-animation-input">
        <float_array id="Hips-Matrix-animation-input-array" count="43">

0.000000 0.033333 0.066667 0.100000 0.133333 0.166667 0.200000 0.233333 0.266667 0.300000 0.333333 0.366667 0.400000 0.433333 0.466667 0.500000
0.533333 0.566667 0.600000 0.633333 0.666667 0.700000 0.733333 0.766667 0.800000 0.833333 0.866667 0.900000 0.933333 0.966667 1.000000 1.033333
1.066667 1.100000 1.133333 1.166667 1.200000 1.233333 1.266667 1.300000 1.333333 1.366667 1.400000</float_array>
        <technique_common>
          <accessor source="#Hips-Matrix-animation-input-array" count="43">
            <param name="TIME" type="float"/>
          </accessor>
        </technique_common>
      </source>
      <source id="Hips-Matrix-animation-output-transform">
        <float_array id="Hips-Matrix-animation-output-transform-array" count="688">

0.994288 -0.100689 -0.035403 -10.655855 0.100507 0.994912 -0.006890 99.721771 0.035916 0.003293 0.999349 -3.355552 0.000000 0.000000 0.000000 1.000000
0.996144 -0.073254 -0.048287 -12.680833 0.073092 0.997312 -0.005129 99.713364 0.048533 0.001580 0.998820 -3.269068 0.000000 0.000000 0.000000 1.000000
0.996620 -0.044312 -0.069169 -14.648344 0.044243 0.999018 -0.002528 100.204536 0.069213 -0.000541 0.997602 -3.142138 0.000000 0.000000 0.000000 1.000000
0.996505 -0.013392 -0.082447 -16.601505 0.013608 0.999905 0.002049 101.051010 0.082412 -0.003164 0.996593 -2.985008 0.000000 0.000000 0.000000 1.000000
0.996859 0.013430 -0.078056 -18.639713 -0.012763 0.999878 0.009040 101.976730 0.078168 -0.008016 0.996908 -2.804801 0.000000 0.000000 0.000000 1.000000
0.998028 0.033181 -0.053291 -20.650526 -0.032279 0.999322 0.017698 102.899391 0.053842 -0.015942 0.998422 -2.608393 0.000000 0.000000 0.000000 1.000000
0.998776 0.046266 -0.017475 -22.585192 -0.045778 0.998577 0.027340 103.688538 0.018715 -0.026507 0.999473 -2.413627 0.000000 0.000000 0.000000 1.000000
0.998756 0.049624 0.004787 -24.426371 -0.049774 0.997994 0.039132 104.314987 -0.002836 -0.039321 0.999223 -2.237142 0.000000 0.000000 0.000000 1.000000
0.998773 0.046787 0.016251 -26.125261 -0.047451 0.997936 0.043256 104.793205 -0.014194 -0.043974 0.998932 -2.031574 0.000000 0.000000 0.000000 1.000000
0.998723 0.043278 0.026054 -27.709026 -0.044425 0.997989 0.045217 105.098160 -0.024045 -0.046317 0.998637 -1.815849 0.000000 0.000000 0.000000 1.000000
0.998666 0.038851 0.034011 -29.122736 -0.040372 0.998160 0.045230 105.277672 -0.032191 -0.046543 0.998397 -1.566472 0.000000 0.000000 0.000000 1.000000
0.998610 0.034197 0.040103 -30.281174 -0.035937 0.998407 0.043497 105.262802 -0.038551 -0.044877 0.998248 -1.237419 0.000000 0.000000 0.000000 1.000000
0.998579 0.029639 0.044290 -31.181509 -0.031426 0.998697 0.040210 104.994659 -0.043040 -0.041545 0.998209 -0.844693 0.000000 0.000000 0.000000 1.000000
0.998598 0.025242 0.046531 -31.809193 -0.026910 0.999005 0.035559 104.522980 -0.045587 -0.036761 0.998284 -0.409094 0.000000 0.000000 0.000000 1.000000
0.998659 0.021937 0.046887 -32.162678 -0.023346 0.999286 0.029719 103.935661 -0.046202 -0.030773 0.998458 0.054620 0.000000 0.000000 0.000000 1.000000
0.998895 0.015062 0.044523 -32.297405 -0.016087 0.999612 0.022756 103.229584 -0.044163 -0.023447 0.998749 0.495298 0.000000 0.000000 0.000000 1.000000
0.999304 0.007247 0.036595 -32.270313 -0.007913 0.999805 0.018082 102.489502 -0.036456 -0.018359 0.999167 0.852886 0.000000 0.000000 0.000000 1.000000
0.999773 -0.000534 0.021303 -32.138363 0.000158 0.999844 0.017657 101.713318 -0.021310 -0.017649 0.999617 1.094425 0.000000 0.000000 0.000000 1.000000
0.999860 -0.010754 0.012815 -31.889727 0.010505 0.999758 0.019339 101.495255 -0.013020 -0.019202 0.999731 1.007755 0.000000 0.000000 0.000000 1.000000
0.999877 -0.012536 0.009418 -31.622007 0.012372 0.999775 0.017239 101.402954 -0.009632 -0.017120 0.999807 0.751239 0.000000 0.000000 0.000000 1.000000
0.999708 -0.008308 0.022703 -31.329710 0.008122 0.999933 0.008272 101.406639 -0.022770 -0.008085 0.999708 0.392151 0.000000 0.000000 0.000000 1.000000
0.998594 -0.000381 0.052999 -31.012403 0.000883 0.999955 -0.009441 101.501076 -0.052994 0.009474 0.998550 -0.012900 0.000000 0.000000 0.000000 1.000000
0.996135 0.008450 0.087430 -30.647442 -0.005908 0.999553 -0.029299 101.694328 -0.087639 0.028670 0.995740 -0.436663 0.000000 0.000000 0.000000 1.000000
0.992733 0.015322 0.119361 -30.223492 -0.010490 0.999104 -0.041009 101.992729 -0.119882 0.039459 0.992004 -0.855065 0.000000 0.000000 0.000000 1.000000
0.990020 0.011305 0.140474 -29.801939 -0.005438 0.999099 -0.042079 102.370872 -0.140823 0.040895 0.989190 -1.212046 0.000000 0.000000 0.000000 1.000000
0.989654 -0.010601 0.143081 -29.420322 0.015712 0.999276 -0.034640 102.755775 -0.142610 0.036529 0.989105 -1.471220 0.000000 0.000000 0.000000 1.000000
0.991173 -0.042854 0.125459 -28.970968 0.046085 0.998673 -0.022970 103.092148 -0.124308 0.028549 0.991833 -1.723913 0.000000 0.000000 0.000000 1.000000
0.992654 -0.084946 0.086149 -28.496412 0.086262 0.996204 -0.011662 103.367241 -0.084832 0.019008 0.996214 -1.987686 0.000000 0.000000 0.000000 1.000000
0.991020 -0.130271 0.030159 -28.040339 0.130448 0.991447 -0.003975 103.579529 -0.029383 0.007874 0.999537 -2.269857 0.000000 0.000000 0.000000 1.000000
0.986279 -0.162619 -0.028453 -27.664680 0.162586 0.986688 -0.003484 103.724182 0.028641 -0.001190 0.999589 -2.545985 0.000000 0.000000 0.000000 1.000000
0.981005 -0.179614 -0.073261 -27.463440 0.179626 0.983714 -0.006482 103.820160 0.073232 -0.006801 0.997292 -2.798150 0.000000 0.000000 0.000000 1.000000
0.977243 -0.189518 -0.095282 -27.536314 0.189651 0.981821 -0.007744 103.880859 0.095017 -0.010503 0.995420 -3.029284 0.000000 0.000000 0.000000 1.000000
0.974792 -0.196877 -0.104978 -27.880260 0.196848 0.980375 -0.010737 103.869713 0.105032 -0.010198 0.994417 -3.226978 0.000000 0.000000 0.000000 1.000000
0.973020 -0.202872 -0.109886 -28.389082 0.202274 0.979187 -0.016679 103.788635 0.110983 -0.005998 0.993804 -3.379386 0.000000 0.000000 0.000000 1.000000
0.971785 -0.207969 -0.111276 -29.085024 0.206652 0.978135 -0.023374 103.614868 0.113704 -0.000281 0.993515 -3.490353 0.000000 0.000000 0.000000 1.000000
0.971105 -0.212111 -0.109379 -30.055586 0.210253 0.977235 -0.028383 103.329437 0.112909 0.004566 0.993595 -3.548045 0.000000 0.000000 0.000000 1.000000
0.972092 -0.210524 -0.103521 -31.330008 0.208550 0.977562 -0.029661 102.925186 0.107443 0.007244 0.994185 -3.559011 0.000000 0.000000 0.000000 1.000000
0.974402 -0.203992 -0.094489 -32.883606 0.202254 0.978941 -0.027724 102.379410 0.098154 0.007903 0.995140 -3.538659 0.000000 0.000000 0.000000 1.000000
0.978754 -0.190209 -0.076554 -34.647400 0.189026 0.981715 -0.022471 101.738739 0.079429 0.007523 0.996812 -3.493793 0.000000 0.000000 0.000000 1.000000
0.984033 -0.171074 -0.049114 -36.557396 0.170521 0.985236 -0.015258 101.045677 0.050999 0.006639 0.998677 -3.450244 0.000000 0.000000 0.000000 1.000000
0.988036 -0.150681 -0.032853 -38.586899 0.150402 0.988566 -0.010827 100.388466 0.034109 0.005757 0.999402 -3.425687 0.000000 0.000000 0.000000 1.000000
0.991314 -0.127558 -0.032029 -40.656891 0.127339 0.991820 -0.008803 99.945259 0.032890 0.004648 0.999448 -3.401495 0.000000 0.000000 0.000000 1.000000
0.994288 -0.100689 -0.035403 -42.709667 0.100507 0.994912 -0.006890 99.721764 0.035916 0.003293 0.999349 -3.355554 0.000000 0.000000 0.000000 1.000000</float_array>
        <technique_common>
          <accessor source="#Hips-Matrix-animation-output-transform-array" count="43" stride="16">
            <param type="float4x4"/>
          </accessor>
        </technique_common>
      </source>
      <source id="Hips-Interpolations">
        <Name_array id="Hips-Interpolations-array" count="43">
 LINEAR LINEAR LINEAR LINEAR LINEAR LINEAR LINEAR LINEAR LINEAR LINEAR LINEAR
LINEAR LINEAR LINEAR LINEAR LINEAR LINEAR LINEAR LINEAR LINEAR LINEAR LINEAR LINEAR
LINEAR LINEAR LINEAR LINEAR LINEAR LINEAR LINEAR LINEAR LINEAR LINEAR LINEAR LINEAR
LINEAR LINEAR LINEAR LINEAR LINEAR LINEAR LINEAR LINEAR</Name_array>
        <technique_common>
          <accessor source="#Hips-Interpolations-array" count="43">
            <param type="name"/>
          </accessor>
        </technique_common>
      </source>
      <sampler id="Hips-Matrix-animation-transform">
        <input semantic="INPUT" source="#Hips-Matrix-animation-input"/>
        <input semantic="OUTPUT" source="#Hips-Matrix-animation-output-transform"/>
        <input semantic="INTERPOLATION" source="#Hips-Interpolations"/>
      </sampler>
      <channel source="#Hips-Matrix-animation-transform" target="Hips/matrix"/>
    </animation>
    <animation id="Spine-anim" name="Spine">
      <source id="Spine-Matrix-animation-input">
        <float_array id="Spine-Matrix-animation-input-array" count="43">

0.000000 0.033333 0.066667 0.100000 0.133333 0.166667 0.200000 0.233333 0.266667 0.300000 0.333333 0.366667 0.400000 0.433333 0.466667 0.500000
0.533333 0.566667 0.600000 0.633333 0.666667 0.700000 0.733333 0.766667 0.800000 0.833333 0.866667 0.900000 0.933333 0.966667 1.000000 1.033333
1.066667 1.100000 1.133333 1.166667 1.200000 1.233333 1.266667 1.300000 1.333333 1.366667 1.400000</float_array>
        <technique_common>
          <accessor source="#Spine-Matrix-animation-input-array" count="43">
            <param name="TIME" type="float"/>
          </accessor>
        </technique_common>
      </source>
      <source id="Spine-Matrix-animation-output-transform">
        <float_array id="Spine-Matrix-animation-output-transform-array" count="688">

0.999796 0.020159 0.001363 0.009000 -0.020200 0.998811 0.044370 7.062600 -0.000466 -0.044388 0.999014 -0.984700 0.000000 0.000000 0.000000 1.000000
0.999781 0.020335 0.005033 0.009000 -0.020556 0.998600 0.048743 7.062600 -0.004034 -0.048836 0.998799 -0.984700 0.000000 0.000000 0.000000 1.000000
0.999756 0.019531 0.010271 0.009000 -0.020027 0.998513 0.050698 7.062600 -0.009266 -0.050892 0.998661 -0.984700 0.000000 0.000000 0.000000 1.000000
0.999743 0.017839 0.013985 0.009000 -0.018553 0.998438 0.052705 7.062600 -0.013023 -0.052951 0.998512 -0.984700 0.000000 0.000000 0.000000 1.000000
0.999733 0.017059 0.015609 0.009000 -0.017903 0.998290 0.055639 7.062600 -0.014633 -0.055904 0.998329 -0.984700 0.000000 0.000000 0.000000 1.000000
0.999737 0.017458 0.014844 0.009000 -0.018291 0.998148 0.058012 7.062600 -0.013804 -0.058268 0.998206 -0.984700 0.000000 0.000000 0.000000 1.000000
0.999781 0.018017 0.010690 0.009000 -0.018617 0.998090 0.058901 7.062600 -0.009609 -0.059087 0.998207 -0.984700 0.000000 0.000000 0.000000 1.000000
0.999795 0.019125 0.006642 0.009000 -0.019480 0.998110 0.058280 7.062600 -0.005515 -0.058398 0.998278 -0.984700 0.000000 0.000000 0.000000 1.000000
0.999798 0.019741 0.003746 0.009000 -0.019921 0.998196 0.056644 7.062600 -0.002621 -0.056707 0.998387 -0.984700 0.000000 0.000000 0.000000 1.000000
0.999806 0.019664 0.001257 0.009000 -0.019703 0.998300 0.054855 7.062600 -0.000177 -0.054869 0.998494 -0.984700 0.000000 0.000000 0.000000 1.000000
0.999809 0.019528 -0.000729 0.009000 -0.019460 0.998352 0.053982 7.062600 0.001782 -0.053957 0.998542 -0.984700 0.000000 0.000000 0.000000 1.000000
0.999830 0.018269 -0.002317 0.009000 -0.018119 0.998410 0.053372 7.062600 0.003288 -0.053321 0.998572 -0.984700 0.000000 0.000000 0.000000 1.000000
0.999870 0.015710 -0.003605 0.009000 -0.015498 0.998481 0.052877 7.062600 0.004431 -0.052814 0.998595 -0.984700 0.000000 0.000000 0.000000 1.000000
0.999922 0.011631 -0.004514 0.009000 -0.011378 0.998560 0.052427 7.062600 0.005117 -0.052371 0.998615 -0.984700 0.000000 0.000000 0.000000 1.000000
0.999974 0.005158 -0.004963 0.009000 -0.004893 0.998640 0.051899 7.062600 0.005224 -0.051873 0.998640 -0.984700 0.000000 0.000000 0.000000 1.000000
0.999988 0.001180 -0.004710 0.009000 -0.000937 0.998689 0.051185 7.062600 0.004764 -0.051180 0.998678 -0.984700 0.000000 0.000000 0.000000 1.000000
0.999990 -0.001732 -0.004101 0.009000 0.001936 0.998739 0.050169 7.062600 0.004009 -0.050177 0.998732 -0.984700 0.000000 0.000000 0.000000 1.000000
0.999986 -0.004848 -0.002192 0.009000 0.004949 0.998790 0.048932 7.062600 0.001952 -0.048942 0.998800 -0.984700 0.000000 0.000000 0.000000 1.000000
0.999972 -0.007486 -0.000577 0.009000 0.007504 0.998895 0.046390 7.062600 0.000229 -0.046393 0.998923 -0.984700 0.000000 0.000000 0.000000 1.000000
0.999935 -0.011364 0.000449 0.009000 0.011333 0.998991 0.043456 7.062600 -0.000942 -0.043448 0.999055 -0.984700 0.000000 0.000000 0.000000 1.000000
0.999872 -0.015961 -0.001454 0.009000 0.016007 0.999020 0.041256 7.062600 0.000794 -0.041274 0.999148 -0.984700 0.000000 0.000000 0.000000 1.000000
0.999764 -0.020769 -0.006358 0.009000 0.021011 0.998954 0.040613 7.062600 0.005508 -0.040737 0.999155 -0.984700 0.000000 0.000000 0.000000 1.000000
0.999594 -0.025897 -0.011872 0.009000 0.026359 0.998828 0.040596 7.062600 0.010807 -0.040893 0.999105 -0.984700 0.000000 0.000000 0.000000 1.000000
0.999429 -0.029489 -0.016474 0.009000 0.030122 0.998763 0.039555 7.062600 0.015287 -0.040029 0.999082 -0.984700 0.000000 0.000000 0.000000 1.000000
0.999332 -0.031326 -0.018798 0.009000 0.032045 0.998715 0.039254 7.062600 0.017544 -0.039830 0.999052 -0.984700 0.000000 0.000000 0.000000 1.000000
0.999409 -0.029026 -0.018399 0.009000 0.029753 0.998734 0.040554 7.062600 0.017198 -0.041078 0.999008 -0.984700 0.000000 0.000000 0.000000 1.000000
0.999514 -0.026549 -0.016327 0.009000 0.027225 0.998720 0.042639 7.062600 0.015174 -0.043063 0.998957 -0.984700 0.000000 0.000000 0.000000 1.000000
0.999708 -0.020872 -0.012209 0.009000 0.021400 0.998765 0.044842 7.062600 0.011258 -0.045091 0.998919 -0.984700 0.000000 0.000000 0.000000 1.000000
0.999892 -0.013761 -0.005118 0.009000 0.013985 0.998810 0.046730 7.062600 0.004469 -0.046796 0.998894 -0.984700 0.000000 0.000000 0.000000 1.000000
0.999939 -0.010066 0.004495 0.009000 0.009843 0.998844 0.047060 7.062600 -0.004964 -0.047013 0.998882 -0.984700 0.000000 0.000000 0.000000 1.000000
0.999877 -0.009482 0.012481 0.009000 0.008905 0.998924 0.045521 7.062600 -0.012899 -0.045404 0.998885 -0.984700 0.000000 0.000000 0.000000 1.000000
0.999834 -0.007964 0.016391 0.009000 0.007250 0.999041 0.043177 7.062600 -0.016719 -0.043051 0.998933 -0.984700 0.000000 0.000000 0.000000 1.000000
0.999828 -0.005272 0.017799 0.009000 0.004534 0.999139 0.041234 7.062600 -0.018001 -0.041146 0.998991 -0.984700 0.000000 0.000000 0.000000 1.000000
0.999830 -0.002434 0.018289 0.009000 0.001688 0.999170 0.040710 7.062600 -0.018373 -0.040672 0.999004 -0.984700 0.000000 0.000000 0.000000 1.000000
0.999833 0.000775 0.018233 0.009000 -0.001515 0.999173 0.040625 7.062600 -0.018187 -0.040646 0.999008 -0.984700 0.000000 0.000000 0.000000 1.000000
0.999839 0.003815 0.017508 0.009000 -0.004524 0.999165 0.040595 7.062600 -0.017339 -0.040667 0.999022 -0.984700 0.000000 0.000000 0.000000 1.000000
0.999851 0.006577 0.015937 0.009000 -0.007221 0.999144 0.040732 7.062600 -0.015655 -0.040841 0.999043 -0.984700 0.000000 0.000000 0.000000 1.000000
0.999865 0.009164 0.013628 0.009000 -0.009715 0.999117 0.040886 7.062600 -0.013241 -0.041013 0.999071 -0.984700 0.000000 0.000000 0.000000 1.000000
0.999891 0.011265 0.009494 0.009000 -0.011645 0.999091 0.041013 7.062600 -0.009024 -0.041120 0.999113 -0.984700 0.000000 0.000000 0.000000 1.000000
0.999905 0.013300 0.003482 0.009000 -0.013432 0.999067 0.041046 7.062600 -0.002933 -0.041089 0.999151 -0.984700 0.000000 0.000000 0.000000 1.000000
0.999870 0.016138 0.000100 0.009000 -0.016129 0.999008 0.041505 7.062600 0.000570 -0.041501 0.999138 -0.984700 0.000000 0.000000 0.000000 1.000000
0.999827 0.018588 0.000158 0.009000 -0.018578 0.998918 0.042640 7.062600 0.000634 -0.042636 0.999090 -0.984700 0.000000 0.000000 0.000000 1.000000
0.999796 0.020159 0.001363 0.009000 -0.020200 0.998811 0.044370 7.062600 -0.000466 -0.044388 0.999014 -0.984700 0.000000 0.000000 0.000000 1.000000</float_array>
        <technique_common>
          <accessor source="#Spine-Matrix-animation-output-transform-array" count="43" stride="16">
            <param type="float4x4"/>
          </accessor>
        </technique_common>
      </source>
      <source id="Spine-Interpolations">
        <Name_array id="Spine-Interpolations-array" count="43">
 LINEAR LINEAR LINEAR LINEAR LINEAR LINEAR LINEAR LINEAR LINEAR LINEAR LINEAR
LINEAR LINEAR LINEAR LINEAR LINEAR LINEAR LINEAR LINEAR LINEAR LINEAR LINEAR LINEAR
LINEAR LINEAR LINEAR LINEAR LINEAR LINEAR LINEAR LINEAR LINEAR LINEAR LINEAR LINEAR
LINEAR LINEAR LINEAR LINEAR LINEAR LINEAR LINEAR LINEAR</Name_array>
        <technique_common>
          <accessor source="#Spine-Interpolations-array" count="43">
            <param type="name"/>
          </accessor>
        </technique_common>
      </source>
      <sampler id="Spine-Matrix-animation-transform">
        <input semantic="INPUT" source="#Spine-Matrix-animation-input"/>
        <input semantic="OUTPUT" source="#Spine-Matrix-animation-output-transform"/>
        <input semantic="INTERPOLATION" source="#Spine-Interpolations"/>
      </sampler>
      <channel source="#Spine-Matrix-animation-transform" target="Spine/matrix"/>
    </animation>
    <animation id="Spine1-anim" name="Spine1">
      <source id="Spine1-Matrix-animation-input">
        <float_array id="Spine1-Matrix-animation-input-array" count="43">

0.000000 0.033333 0.066667 0.100000 0.133333 0.166667 0.200000 0.233333 0.266667 0.300000 0.333333 0.366667 0.400000 0.433333 0.466667 0.500000
0.533333 0.566667 0.600000 0.633333 0.666667 0.700000 0.733333 0.766667 0.800000 0.833333 0.866667 0.900000 0.933333 0.966667 1.000000 1.033333
1.066667 1.100000 1.133333 1.166667 1.200000 1.233333 1.266667 1.300000 1.333333 1.366667 1.400000</float_array>
        <technique_common>
          <accessor source="#Spine1-Matrix-animation-input-array" count="43">
            <param name="TIME" type="float"/>
          </accessor>
        </technique_common>
      </source>
      <source id="Spine1-Matrix-animation-output-transform">
        <float_array id="Spine1-Matrix-animation-output-transform-array" count="688">

0.999681 0.025274 -0.000082 0.012400 -0.025167 0.995744 0.088662 8.239700 0.002322 -0.088631 0.996062 -1.148800 0.000000 0.000000 0.000000 1.000000
0.999810 0.018401 0.006386 0.012400 -0.018936 0.995062 0.097431 8.239700 -0.004562 -0.097533 0.995222 -1.148800 0.000000 0.000000 0.000000 1.000000
0.999817 0.010848 0.015789 0.012400 -0.012395 0.994761 0.101473 8.239700 -0.014605 -0.101650 0.994713 -1.148800 0.000000 0.000000 0.000000 1.000000
0.999747 0.003270 0.022275 0.012400 -0.005606 0.994389 0.105636 8.239700 -0.021805 -0.105734 0.994155 -1.148800 0.000000 0.000000 0.000000 1.000000
0.999690 -0.000320 0.024890 0.012400 -0.002460 0.993753 0.111570 8.239700 -0.024770 -0.111597 0.993445 -1.148800 0.000000 0.000000 0.000000 1.000000
0.999734 0.000159 0.023071 0.012400 -0.002841 0.993214 0.116267 8.239700 -0.022896 -0.116301 0.992950 -1.148800 0.000000 0.000000 0.000000 1.000000
0.999888 0.002364 0.014753 0.012400 -0.004087 0.993019 0.117886 8.239700 -0.014371 -0.117934 0.992917 -1.148800 0.000000 0.000000 0.000000 1.000000
0.999961 0.005555 0.006878 0.012400 -0.006319 0.993169 0.116517 8.239700 -0.006184 -0.116556 0.993165 -1.148800 0.000000 0.000000 0.000000 1.000000
0.999967 0.007903 0.001797 0.012400 -0.008056 0.993542 0.113176 8.239700 -0.000890 -0.113187 0.993573 -1.148800 0.000000 0.000000 0.000000 1.000000
0.999951 0.009676 -0.002252 0.012400 -0.009371 0.993937 0.109551 8.239700 0.003298 -0.109524 0.993979 -1.148800 0.000000 0.000000 0.000000 1.000000
0.999919 0.011544 -0.005395 0.012400 -0.010896 0.994116 0.107772 8.239700 0.006607 -0.107705 0.994161 -1.148800 0.000000 0.000000 0.000000 1.000000
0.999890 0.012651 -0.007721 0.012400 -0.011757 0.994239 0.106539 8.239700 0.009025 -0.106436 0.994279 -1.148800 0.000000 0.000000 0.000000 1.000000
0.999869 0.013219 -0.009389 0.012400 -0.012155 0.994339 0.105557 8.239700 0.010731 -0.105429 0.994369 -1.148800 0.000000 0.000000 0.000000 1.000000
0.999865 0.012880 -0.010244 0.012400 -0.011738 0.994436 0.104687 8.239700 0.011535 -0.104552 0.994453 -1.148800 0.000000 0.000000 0.000000 1.000000
0.999883 0.011687 -0.009829 0.012400 -0.010605 0.994553 0.103690 8.239700 0.010988 -0.103574 0.994561 -1.148800 0.000000 0.000000 0.000000 1.000000
0.999897 0.011627 -0.008370 0.012400 -0.010710 0.994696 0.102300 8.239700 0.009515 -0.102200 0.994718 -1.148800 0.000000 0.000000 0.000000 1.000000
0.999911 0.011680 -0.006398 0.012400 -0.010980 0.994898 0.100285 8.239700 0.007536 -0.100206 0.994938 -1.148800 0.000000 0.000000 0.000000 1.000000
0.999940 0.010836 -0.001785 0.012400 -0.010609 0.995151 0.097785 8.239700 0.002836 -0.097760 0.995206 -1.148800 0.000000 0.000000 0.000000 1.000000
0.999982 0.005755 0.001408 0.012400 -0.005861 0.995679 0.092677 8.239700 -0.000868 -0.092684 0.995695 -1.148800 0.000000 0.000000 0.000000 1.000000
0.999994 -0.000939 0.003336 0.012400 0.000646 0.996225 0.086806 8.239700 -0.003405 -0.086803 0.996220 -1.148800 0.000000 0.000000 0.000000 1.000000
0.999973 -0.007338 -0.000663 0.012400 0.007368 0.996567 0.082461 8.239700 0.000055 -0.082464 0.996594 -1.148800 0.000000 0.000000 0.000000 1.000000
0.999865 -0.012239 -0.010971 0.012400 0.013091 0.996604 0.081294 8.239700 0.009939 -0.081426 0.996630 -1.148800 0.000000 0.000000 0.000000 1.000000
0.999620 -0.015298 -0.022928 0.012400 0.017118 0.996531 0.081443 8.239700 0.021603 -0.081804 0.996414 -1.148800 0.000000 0.000000 0.000000 1.000000
0.999364 -0.012398 -0.033423 0.012400 0.015029 0.996707 0.079677 8.239700 0.032325 -0.080128 0.996260 -1.148800 0.000000 0.000000 0.000000 1.000000
0.999201 -0.005364 -0.039599 0.012400 0.008499 0.996803 0.079443 8.239700 0.039046 -0.079716 0.996053 -1.148800 0.000000 0.000000 0.000000 1.000000
0.999173 0.006775 -0.040090 0.012400 -0.003456 0.996602 0.082296 8.239700 0.040511 -0.082089 0.995801 -1.148800 0.000000 0.000000 0.000000 1.000000
0.999205 0.014435 -0.037160 0.012400 -0.011176 0.996193 0.086458 8.239700 0.038266 -0.085974 0.995562 -1.148800 0.000000 0.000000 0.000000 1.000000
0.999267 0.023723 -0.030052 0.012400 -0.020912 0.995666 0.090625 8.239700 0.032071 -0.089930 0.995432 -1.148800 0.000000 0.000000 0.000000 1.000000
0.999329 0.032481 -0.016954 0.012400 -0.030751 0.995108 0.093889 8.239700 0.019920 -0.093305 0.995438 -1.148800 0.000000 0.000000 0.000000 1.000000
0.999416 0.034176 0.000509 0.012400 -0.034073 0.995000 0.093883 8.239700 0.002702 -0.093846 0.995583 -1.148800 0.000000 0.000000 0.000000 1.000000
0.999437 0.030484 0.013983 0.012400 -0.031625 0.995407 0.090357 8.239700 -0.011164 -0.090748 0.995811 -1.148800 0.000000 0.000000 0.000000 1.000000
0.999378 0.029045 0.019992 0.012400 -0.030654 0.995864 0.085527 8.239700 -0.017425 -0.086086 0.996135 -1.148800 0.000000 0.000000 0.000000 1.000000
0.999294 0.030398 0.022063 0.012400 -0.032104 0.996145 0.081631 8.239700 -0.019496 -0.082282 0.996418 -1.148800 0.000000 0.000000 0.000000 1.000000
0.999208 0.032446 0.023024 0.012400 -0.034204 0.996159 0.080600 8.239700 -0.020320 -0.081324 0.996481 -1.148800 0.000000 0.000000 0.000000 1.000000
0.999114 0.034924 0.023492 0.012400 -0.036710 0.996081 0.080469 8.239700 -0.020590 -0.081260 0.996480 -1.148800 0.000000 0.000000 0.000000 1.000000
0.999049 0.036894 0.023224 0.012400 -0.038652 0.996007 0.080473 8.239700 -0.020162 -0.081294 0.996486 -1.148800 0.000000 0.000000 0.000000 1.000000
0.999015 0.038688 0.021753 0.012400 -0.040328 0.995911 0.080836 8.239700 -0.018536 -0.081633 0.996490 -1.148800 0.000000 0.000000 0.000000 1.000000
0.999028 0.039773 0.019030 0.012400 -0.041194 0.995841 0.081261 8.239700 -0.015719 -0.081966 0.996511 -1.148800 0.000000 0.000000 0.000000 1.000000
0.999133 0.039681 0.012587 0.012400 -0.040579 0.995831 0.081697 8.239700 -0.009293 -0.082137 0.996578 -1.148800 0.000000 0.000000 0.000000 1.000000
0.999269 0.038164 0.002343 0.012400 -0.038227 0.995901 0.081976 8.239700 0.000795 -0.082006 0.996632 -1.148800 0.000000 0.000000 0.000000 1.000000
0.999369 0.035361 -0.003197 0.012400 -0.034974 0.995938 0.082969 8.239700 0.006118 -0.082805 0.996547 -1.148800 0.000000 0.000000 0.000000 1.000000
0.999522 0.030828 -0.002464 0.012400 -0.030506 0.995895 0.085218 8.239700 0.005081 -0.085102 0.996359 -1.148800 0.000000 0.000000 0.000000 1.000000
0.999681 0.025274 -0.000082 0.012400 -0.025167 0.995744 0.088662 8.239700 0.002322 -0.088631 0.996062 -1.148800 0.000000 0.000000 0.000000 1.000000</float_array>
        <technique_common>
          <accessor source="#Spine1-Matrix-animation-output-transform-array" count="43" stride="16">
            <param type="float4x4"/>
          </accessor>
        </technique_common>
      </source>
      <source id="Spine1-Interpolations">
        <Name_array id="Spine1-Interpolations-array" count="43">
 LINEAR LINEAR LINEAR LINEAR LINEAR LINEAR LINEAR LINEAR LINEAR LINEAR LINEAR
LINEAR LINEAR LINEAR LINEAR LINEAR LINEAR LINEAR LINEAR LINEAR LINEAR LINEAR LINEAR
LINEAR LINEAR LINEAR LINEAR LINEAR LINEAR LINEAR LINEAR LINEAR LINEAR LINEAR LINEAR
LINEAR LINEAR LINEAR LINEAR LINEAR LINEAR LINEAR LINEAR</Name_array>
        <technique_common>
          <accessor source="#Spine1-Interpolations-array" count="43">
            <param type="name"/>
          </accessor>
        </technique_common>
      </source>
      <sampler id="Spine1-Matrix-animation-transform">
        <input semantic="INPUT" source="#Spine1-Matrix-animation-input"/>
        <input semantic="OUTPUT" source="#Spine1-Matrix-animation-output-transform"/>
        <input semantic="INTERPOLATION" source="#Spine1-Interpolations"/>
      </sampler>
      <channel source="#Spine1-Matrix-animation-transform" target="Spine1/matrix"/>
    </animation>
    <animation id="Spine2-anim" name="Spine2">
      <source id="Spine2-Matrix-animation-input">
        <float_array id="Spine2-Matrix-animation-input-array" count="43">

0.000000 0.033333 0.066667 0.100000 0.133333 0.166667 0.200000 0.233333 0.266667 0.300000 0.333333 0.366667 0.400000 0.433333 0.466667 0.500000
0.533333 0.566667 0.600000 0.633333 0.666667 0.700000 0.733333 0.766667 0.800000 0.833333 0.866667 0.900000 0.933333 0.966667 1.000000 1.033333
1.066667 1.100000 1.133333 1.166667 1.200000 1.233333 1.266667 1.300000 1.333333 1.366667 1.400000</float_array>
        <technique_common>
          <accessor source="#Spine2-Matrix-animation-input-array" count="43">
            <param name="TIME" type="float"/>
          </accessor>
        </technique_common>
      </source>
      <source id="Spine2-Matrix-animation-output-transform">
        <float_array id="Spine2-Matrix-animation-output-transform-array" count="688">

0.999681 0.025274 -0.000082 0.014200 -0.025167 0.995744 0.088662 9.416800 0.002322 -0.088631 0.996062 -1.313000 0.000000 0.000000 0.000000 1.000000
0.999810 0.018401 0.006386 0.014200 -0.018936 0.995062 0.097431 9.416800 -0.004562 -0.097533 0.995222 -1.313000 0.000000 0.000000 0.000000 1.000000
0.999817 0.010848 0.015789 0.014200 -0.012395 0.994761 0.101473 9.416800 -0.014605 -0.101650 0.994713 -1.313000 0.000000 0.000000 0.000000 1.000000
0.999747 0.003270 0.022275 0.014200 -0.005606 0.994389 0.105636 9.416800 -0.021805 -0.105734 0.994155 -1.313000 0.000000 0.000000 0.000000 1.000000
0.999690 -0.000320 0.024890 0.014200 -0.002460 0.993754 0.111570 9.416800 -0.024770 -0.111597 0.993445 -1.313000 0.000000 0.000000 0.000000 1.000000
0.999734 0.000159 0.023071 0.014200 -0.002841 0.993214 0.116267 9.416800 -0.022896 -0.116301 0.992950 -1.313000 0.000000 0.000000 0.000000 1.000000
0.999888 0.002364 0.014753 0.014200 -0.004087 0.993019 0.117886 9.416800 -0.014371 -0.117934 0.992917 -1.313000 0.000000 0.000000 0.000000 1.000000
0.999961 0.005555 0.006878 0.014200 -0.006319 0.993169 0.116517 9.416800 -0.006184 -0.116556 0.993165 -1.313000 0.000000 0.000000 0.000000 1.000000
0.999967 0.007903 0.001797 0.014200 -0.008056 0.993542 0.113176 9.416800 -0.000890 -0.113187 0.993573 -1.313000 0.000000 0.000000 0.000000 1.000000
0.999951 0.009676 -0.002252 0.014200 -0.009371 0.993937 0.109551 9.416800 0.003298 -0.109524 0.993979 -1.313000 0.000000 0.000000 0.000000 1.000000
0.999919 0.011544 -0.005395 0.014200 -0.010896 0.994116 0.107772 9.416800 0.006607 -0.107705 0.994161 -1.313000 0.000000 0.000000 0.000000 1.000000
0.999890 0.012651 -0.007721 0.014200 -0.011757 0.994239 0.106539 9.416800 0.009025 -0.106436 0.994279 -1.313000 0.000000 0.000000 0.000000 1.000000
0.999869 0.013219 -0.009389 0.014200 -0.012155 0.994339 0.105557 9.416800 0.010731 -0.105429 0.994369 -1.313000 0.000000 0.000000 0.000000 1.000000
0.999865 0.012880 -0.010244 0.014200 -0.011738 0.994436 0.104687 9.416800 0.011535 -0.104552 0.994452 -1.313000 0.000000 0.000000 0.000000 1.000000
0.999883 0.011687 -0.009829 0.014200 -0.010605 0.994553 0.103690 9.416800 0.010988 -0.103574 0.994561 -1.313000 0.000000 0.000000 0.000000 1.000000
0.999897 0.011627 -0.008370 0.014200 -0.010710 0.994696 0.102300 9.416800 0.009515 -0.102200 0.994718 -1.313000 0.000000 0.000000 0.000000 1.000000
0.999911 0.011680 -0.006398 0.014200 -0.010980 0.994898 0.100285 9.416800 0.007536 -0.100206 0.994938 -1.313000 0.000000 0.000000 0.000000 1.000000
0.999940 0.010836 -0.001785 0.014200 -0.010609 0.995151 0.097785 9.416800 0.002836 -0.097760 0.995206 -1.313000 0.000000 0.000000 0.000000 1.000000
0.999982 0.005755 0.001408 0.014200 -0.005861 0.995679 0.092677 9.416800 -0.000868 -0.092683 0.995695 -1.313000 0.000000 0.000000 0.000000 1.000000
0.999994 -0.000939 0.003336 0.014200 0.000646 0.996225 0.086806 9.416800 -0.003405 -0.086803 0.996220 -1.313000 0.000000 0.000000 0.000000 1.000000
0.999973 -0.007338 -0.000663 0.014200 0.007368 0.996567 0.082461 9.416800 0.000055 -0.082464 0.996594 -1.313000 0.000000 0.000000 0.000000 1.000000
0.999865 -0.012239 -0.010971 0.014200 0.013091 0.996604 0.081294 9.416800 0.009939 -0.081426 0.996630 -1.313000 0.000000 0.000000 0.000000 1.000000
0.999620 -0.015298 -0.022928 0.014200 0.017118 0.996531 0.081443 9.416800 0.021603 -0.081804 0.996414 -1.313000 0.000000 0.000000 0.000000 1.000000
0.999364 -0.012398 -0.033423 0.014200 0.015029 0.996707 0.079677 9.416800 0.032325 -0.080128 0.996260 -1.313000 0.000000 0.000000 0.000000 1.000000
0.999201 -0.005364 -0.039598 0.014200 0.008499 0.996803 0.079443 9.416800 0.039046 -0.079716 0.996053 -1.313000 0.000000 0.000000 0.000000 1.000000
0.999173 0.006775 -0.040090 0.014200 -0.003456 0.996602 0.082296 9.416800 0.040511 -0.082089 0.995801 -1.313000 0.000000 0.000000 0.000000 1.000000
0.999205 0.014435 -0.037160 0.014200 -0.011176 0.996193 0.086458 9.416800 0.038266 -0.085974 0.995562 -1.313000 0.000000 0.000000 0.000000 1.000000
0.999267 0.023723 -0.030052 0.014200 -0.020912 0.995666 0.090625 9.416800 0.032071 -0.089930 0.995432 -1.313000 0.000000 0.000000 0.000000 1.000000
0.999329 0.032481 -0.016954 0.014200 -0.030751 0.995108 0.093889 9.416800 0.019920 -0.093305 0.995438 -1.313000 0.000000 0.000000 0.000000 1.000000
0.999416 0.034176 0.000509 0.014200 -0.034073 0.995000 0.093883 9.416800 0.002702 -0.093846 0.995583 -1.313000 0.000000 0.000000 0.000000 1.000000
0.999437 0.030484 0.013983 0.014200 -0.031625 0.995407 0.090357 9.416800 -0.011164 -0.090748 0.995811 -1.313000 0.000000 0.000000 0.000000 1.000000
0.999378 0.029045 0.019992 0.014200 -0.030654 0.995864 0.085527 9.416800 -0.017425 -0.086086 0.996135 -1.313000 0.000000 0.000000 0.000000 1.000000
0.999294 0.030398 0.022063 0.014200 -0.032104 0.996145 0.081631 9.416800 -0.019496 -0.082282 0.996418 -1.313000 0.000000 0.000000 0.000000 1.000000
0.999208 0.032446 0.023024 0.014200 -0.034204 0.996159 0.080600 9.416800 -0.020320 -0.081324 0.996481 -1.313000 0.000000 0.000000 0.000000 1.000000
0.999114 0.034924 0.023493 0.014200 -0.036710 0.996081 0.080469 9.416800 -0.020590 -0.081260 0.996480 -1.313000 0.000000 0.000000 0.000000 1.000000
0.999049 0.036894 0.023224 0.014200 -0.038652 0.996007 0.080473 9.416800 -0.020162 -0.081294 0.996486 -1.313000 0.000000 0.000000 0.000000 1.000000
0.999015 0.038688 0.021753 0.014200 -0.040327 0.995911 0.080836 9.416800 -0.018536 -0.081633 0.996490 -1.313000 0.000000 0.000000 0.000000 1.000000
0.999028 0.039773 0.019030 0.014200 -0.041194 0.995841 0.081261 9.416800 -0.015719 -0.081966 0.996511 -1.313000 0.000000 0.000000 0.000000 1.000000
0.999133 0.039681 0.012587 0.014200 -0.040579 0.995831 0.081697 9.416800 -0.009293 -0.082137 0.996578 -1.313000 0.000000 0.000000 0.000000 1.000000
0.999269 0.038164 0.002343 0.014200 -0.038227 0.995901 0.081976 9.416800 0.000795 -0.082006 0.996632 -1.313000 0.000000 0.000000 0.000000 1.000000
0.999369 0.035361 -0.003197 0.014200 -0.034974 0.995938 0.082969 9.416800 0.006118 -0.082805 0.996547 -1.313000 0.000000 0.000000 0.000000 1.000000
0.999522 0.030828 -0.002464 0.014200 -0.030506 0.995895 0.085218 9.416800 0.005081 -0.085102 0.996359 -1.313000 0.000000 0.000000 0.000000 1.000000
0.999681 0.025274 -0.000082 0.014200 -0.025167 0.995744 0.088662 9.416800 0.002322 -0.088631 0.996062 -1.313000 0.000000 0.000000 0.000000 1.000000</float_array>
        <technique_common>
          <accessor source="#Spine2-Matrix-animation-output-transform-array" count="43" stride="16">
            <param type="float4x4"/>
          </accessor>
        </technique_common>
      </source>
      <source id="Spine2-Interpolations">
        <Name_array id="Spine2-Interpolations-array" count="43">
 LINEAR LINEAR LINEAR LINEAR LINEAR LINEAR LINEAR LINEAR LINEAR LINEAR LINEAR
LINEAR LINEAR LINEAR LINEAR LINEAR LINEAR LINEAR LINEAR LINEAR LINEAR LINEAR LINEAR
LINEAR LINEAR LINEAR LINEAR LINEAR LINEAR LINEAR LINEAR LINEAR LINEAR LINEAR LINEAR
LINEAR LINEAR LINEAR LINEAR LINEAR LINEAR LINEAR LINEAR</Name_array>
        <technique_common>
          <accessor source="#Spine2-Interpolations-array" count="43">
            <param type="name"/>
          </accessor>
        </technique_common>
      </source>
      <sampler id="Spine2-Matrix-animation-transform">
        <input semantic="INPUT" source="#Spine2-Matrix-animation-input"/>
        <input semantic="OUTPUT" source="#Spine2-Matrix-animation-output-transform"/>
        <input semantic="INTERPOLATION" source="#Spine2-Interpolations"/>
      </sampler>
      <channel source="#Spine2-Matrix-animation-transform" target="Spine2/matrix"/>
    </animation>
    <animation id="Neck-anim" name="Neck">
      <source id="Neck-Matrix-animation-input">
        <float_array id="Neck-Matrix-animation-input-array" count="43">

0.000000 0.033333 0.066667 0.100000 0.133333 0.166667 0.200000 0.233333 0.266667 0.300000 0.333333 0.366667 0.400000 0.433333 0.466667 0.500000
0.533333 0.566667 0.600000 0.633333 0.666667 0.700000 0.733333 0.766667 0.800000 0.833333 0.866667 0.900000 0.933333 0.966667 1.000000 1.033333
1.066667 1.100000 1.133333 1.166667 1.200000 1.233333 1.266667 1.300000 1.333333 1.366667 1.400000</float_array>
        <technique_common>
          <accessor source="#Neck-Matrix-animation-input-array" count="43">
            <param name="TIME" type="float"/>
          </accessor>
        </technique_common>
      </source>
      <source id="Neck-Matrix-animation-output-transform">
        <float_array id="Neck-Matrix-animation-output-transform-array" count="688">

0.997982 -0.042704 -0.046992 0.016000 0.062447 0.794105 0.604563 10.593800 0.011500 -0.606278 0.795170 -1.477100 0.000000 0.000000 0.000000 1.000000
0.998624 -0.019861 -0.048529 0.016000 0.045040 0.798791 0.599920 10.593800 0.026850 -0.601281 0.798587 -1.477100 0.000000 0.000000 0.000000 1.000000
0.998178 -0.020818 -0.056629 0.016000 0.050406 0.803569 0.593074 10.593800 0.033159 -0.594848 0.803154 -1.477100 0.000000 0.000000 0.000000 1.000000
0.997601 -0.020812 -0.066024 0.016000 0.055426 0.811550 0.581648 10.593800 0.041477 -0.583912 0.810757 -1.477100 0.000000 0.000000 0.000000 1.000000
0.996433 -0.024001 -0.080907 0.016000 0.065419 0.825335 0.560841 10.593800 0.053314 -0.564133 0.823961 -1.477100 0.000000 0.000000 0.000000 1.000000
0.995020 -0.030318 -0.094951 0.016000 0.076276 0.844834 0.529564 10.593800 0.064162 -0.534169 0.842939 -1.477100 0.000000 0.000000 0.000000 1.000000
0.993711 -0.040335 -0.104461 0.016000 0.087279 0.863426 0.496869 10.593800 0.070153 -0.502861 0.861516 -1.477100 0.000000 0.000000 0.000000 1.000000
0.993467 -0.048521 -0.103294 0.016000 0.091769 0.877710 0.470323 10.593800 0.067842 -0.476729 0.876428 -1.477100 0.000000 0.000000 0.000000 1.000000
0.993906 -0.052345 -0.097014 0.016000 0.090835 0.887515 0.451737 10.593800 0.062456 -0.457796 0.886861 -1.477100 0.000000 0.000000 0.000000 1.000000
0.995105 -0.046828 -0.087024 0.016000 0.080752 0.892929 0.442895 10.593800 0.056966 -0.447755 0.892340 -1.477100 0.000000 0.000000 0.000000 1.000000
0.996776 -0.034331 -0.072525 0.016000 0.062711 0.897175 0.437200 10.593800 0.050058 -0.440338 0.896435 -1.477100 0.000000 0.000000 0.000000 1.000000
0.998329 -0.017030 -0.055212 0.016000 0.039403 0.899565 0.435005 10.593800 0.042258 -0.436454 0.898734 -1.477100 0.000000 0.000000 0.000000 1.000000
0.999310 0.001895 -0.037088 0.016000 0.014478 0.899793 0.436077 10.593800 0.034198 -0.436313 0.899145 -1.477100 0.000000 0.000000 0.000000 1.000000
0.999570 0.021685 -0.019745 0.016000 -0.010772 0.897655 0.440568 10.593800 0.027278 -0.440165 0.897502 -1.477100 0.000000 0.000000 0.000000 1.000000
0.999173 0.040414 -0.004534 0.016000 -0.034069 0.892706 0.449350 10.593800 0.022207 -0.448823 0.893345 -1.477100 0.000000 0.000000 0.000000 1.000000
0.998638 0.051693 0.007112 0.016000 -0.049023 0.882776 0.467230 10.593800 0.017874 -0.466942 0.884107 -1.477100 0.000000 0.000000 0.000000 1.000000
0.998601 0.050733 0.014900 0.016000 -0.051644 0.875316 0.480785 10.593800 0.011350 -0.480882 0.876712 -1.477100 0.000000 0.000000 0.000000 1.000000
0.998945 0.043246 0.015438 0.016000 -0.045455 0.883602 0.466028 10.593800 0.006512 -0.466238 0.884636 -1.477100 0.000000 0.000000 0.000000 1.000000
0.998472 0.050981 0.021303 0.016000 -0.054973 0.877880 0.475714 10.593800 0.005550 -0.476159 0.879342 -1.477100 0.000000 0.000000 0.000000 1.000000
0.997885 0.060009 0.024991 0.016000 -0.064530 0.868120 0.492142 10.593800 0.007838 -0.492714 0.870156 -1.477100 0.000000 0.000000 0.000000 1.000000
0.997107 0.069596 0.030558 0.016000 -0.075396 0.854636 0.513724 10.593800 0.009637 -0.514542 0.857411 -1.477100 0.000000 0.000000 0.000000 1.000000
0.996271 0.078172 0.036509 0.016000 -0.085509 0.838303 0.538457 10.593800 0.011487 -0.539571 0.841862 -1.477100 0.000000 0.000000 0.000000 1.000000
0.995729 0.082254 0.041932 0.016000 -0.091649 0.825719 0.556586 10.593800 0.011157 -0.558052 0.829731 -1.477100 0.000000 0.000000 0.000000 1.000000
0.996146 0.078055 0.039998 0.016000 -0.087033 0.823299 0.560896 10.593800 0.010850 -0.562216 0.826919 -1.477100 0.000000 0.000000 0.000000 1.000000
0.997173 0.066765 0.034477 0.016000 -0.074776 0.836512 0.542822 10.593800 0.007401 -0.543865 0.839140 -1.477100 0.000000 0.000000 0.000000 1.000000
0.998824 0.037131 0.031167 0.016000 -0.048009 0.846834 0.529686 10.593800 -0.006725 -0.530560 0.847621 -1.477100 0.000000 0.000000 0.000000 1.000000
0.997230 0.052979 0.052198 0.016000 -0.071992 0.863800 0.498665 10.593800 -0.018670 -0.501042 0.865222 -1.477100 0.000000 0.000000 0.000000 1.000000
0.995459 0.052568 0.079360 0.016000 -0.083803 0.879376 0.468695 10.593800 -0.045149 -0.473217 0.879788 -1.477100 0.000000 0.000000 0.000000 1.000000
