<?xml version="1.0" encoding="utf-8"?>
<COLLADA xmlns="http://www.collada.org/2005/11/COLLADASchema" version="1.4.1">
  <asset><contributor><author>Mixamo</author><authoring_tool>COLLADA Mixamo exporter</authoring_tool><comments></comments></contributor><created>2020-12-26T13:21:01Z</created><modified>2020-12-26T13:21:01Z</modified><revision></revision><title></title><unit meter="0.010000"/><up_axis>Y_UP</up_axis></asset>
  <library_animations>
    <animation id="Hips-anim" name="Hips"><source id="Hips-Matrix-animation-input"><float_array id="Hips-Matrix-animation-input-array" count="101">

0.000000 0.033333 0.066667 0.100000 0.133333 0.166667 0.200000 0.233333 0.266667 0.300000 0.333333 0.366667 0.400000 0.433333 0.466667 0.500000
0.533333 0.566667 0.600000 0.633333 0.666667 0.700000 0.733333 0.766667 0.800000 0.833333 0.866667 0.900000 0.933333 0.966667 1.000000 1.033333
1.066667 1.100000 1.133333 1.166667 1.200000 1.233333 1.266667 1.300000 1.333333 1.366667 1.400000 1.433333 1.466667 1.500000 1.533333 1.566667
1.600000 1.633333 1.666667 1.700000 1.733333 1.766667 1.800000 1.833333 1.866667 1.900000 1.933333 1.966667 2.000000 2.033333 2.066667 2.100000
2.133333 2.166667 2.200000 2.233333 2.266667 2.300000 2.333333 2.366667 2.400000 2.433333 2.466667 2.500000 2.533333 2.566667 2.600000 2.633333
2.666667 2.700000 2.733333 2.766667 2.800000 2.833333 2.866667 2.900000 2.933333 2.966667 3.000000 3.033333 3.066667 3.100000 3.133333 3.166667
3.200000 3.233333 3.266667 3.300000 3.333333</float_array><technique_common><accessor source="#Hips-Matrix-animation-input-array" count="101"><param name="TIME" type="float"/></accessor></technique_common></source><source id="Hips-Matrix-animation-output-transform"><float_array id="Hips-Matrix-animation-output-transform-array" count="1616">

0.994621 0.033602 -0.097978 -0.144160 0.007348 0.920645 0.390331 71.200989 0.103319 -0.388951 0.915446 0.510453 0.000000 0.000000 0.000000 1.000000
0.994617 0.033979 -0.097890 -0.162053 0.006452 0.922564 0.385791 70.972939 0.103419 -0.384345 0.917378 0.558516 0.000000 0.000000 0.000000 1.000000
0.994631 0.034565 -0.097544 -0.180554 0.005059 0.925205 0.379434 70.823021 0.103363 -0.377891 0.920062 0.580874 0.000000 0.000000 0.000000 1.000000
0.994640 0.035374 -0.097164 -0.199463 0.003316 0.928271 0.371889 70.736565 0.103350 -0.370218 0.923178 0.584654 0.000000 0.000000 0.000000 1.000000
0.994625 0.036541 -0.096880 -0.218526 0.001148 0.931709 0.363205 70.736588 0.103536 -0.361364 0.926659 0.564174 0.000000 0.000000 0.000000 1.000000
0.994567 0.038219 -0.096826 -0.236694 -0.001469 0.935221 0.354061 70.844810 0.104086 -0.351995 0.930197 0.512332 0.000000 0.000000 0.000000 1.000000
0.994448 0.040567 -0.097091 -0.251797 -0.004504 0.938259 0.345905 71.081139 0.105129 -0.343547 0.933233 0.419292 0.000000 0.000000 0.000000 1.000000
0.994260 0.043717 -0.097651 -0.260572 -0.007857 0.940079 0.340866 71.464256 0.106702 -0.338142 0.935027 0.271366 0.000000 0.000000 0.000000 1.000000
0.994003 0.047767 -0.098367 -0.258633 -0.011378 0.939843 0.341416 72.012695 0.108758 -0.338249 0.934751 0.050496 0.000000 0.000000 0.000000 1.000000
0.993689 0.052753 -0.098995 -0.241214 -0.014876 0.936694 0.349832 72.744896 0.111183 -0.346151 0.931567 -0.263911 0.000000 0.000000 0.000000 1.000000
0.993334 0.058633 -0.099248 -0.203891 -0.018155 0.929806 0.367602 73.679474 0.113836 -0.363350 0.924672 -0.692837 0.000000 0.000000 0.000000 1.000000
0.992955 0.065295 -0.098877 -0.143330 -0.021063 0.918446 0.394985 74.834808 0.116604 -0.390119 0.913351 -1.254742 0.000000 0.000000 0.000000 1.000000
0.992564 0.072557 -0.097732 -0.057952 -0.023520 0.902112 0.430859 76.228821 0.119427 -0.425357 0.897111 -1.962788 0.000000 0.000000 0.000000 1.000000
0.992164 0.080189 -0.095810 0.051745 -0.025514 0.880734 0.472924 77.878166 0.122307 -0.466774 0.875878 -2.822815 0.000000 0.000000 0.000000 1.000000
0.991752 0.087925 -0.093260 0.183120 -0.027065 0.854862 0.518149 79.797363 0.125283 -0.511351 0.850191 -3.831809 0.000000 0.000000 0.000000 1.000000
0.991324 0.095466 -0.090350 0.331590 -0.028185 0.825777 0.563291 81.997276 0.128384 -0.555858 0.821304 -4.976912 0.000000 0.000000 0.000000 1.000000
0.990884 0.102500 -0.087424 0.491206 -0.028881 0.795471 0.605302 84.482941 0.131586 -0.597260 0.791180 -6.234689 0.000000 0.000000 0.000000 1.000000
0.990446 0.108727 -0.084827 0.655328 -0.029210 0.766571 0.641495 87.251793 0.134774 -0.632888 0.762423 -7.570115 0.000000 0.000000 0.000000 1.000000
0.990034 0.113889 -0.082834 0.817314 -0.029363 0.742209 0.669525 90.292053 0.137731 -0.660421 0.738156 -8.935870 0.000000 0.000000 0.000000 1.000000
0.989683 0.117778 -0.081585 0.971169 -0.029720 0.725802 0.687261 93.582108 0.140159 -0.677746 0.721814 -10.272630 0.000000 0.000000 0.000000 1.000000
0.989429 0.120249 -0.081062 1.112078 -0.030833 0.720622 0.692642 97.090408 0.141704 -0.682820 0.716712 -11.511484 0.000000 0.000000 0.000000 1.000000
0.989306 0.121223 -0.081105 1.236813 -0.033295 0.729095 0.683602 100.776093 0.142001 -0.673591 0.725335 -12.579058 0.000000 0.000000 0.000000 1.000000
0.989342 0.120689 -0.081462 1.343895 -0.037534 0.751934 0.658169 104.589348 0.140688 -0.648097 0.748450 -13.405902 0.000000 0.000000 0.000000 1.000000
0.989552 0.118692 -0.081850 1.433380 -0.043588 0.787419 0.614876 108.473221 0.137431 -0.604884 0.784365 -13.936865 0.000000 0.000000 0.000000 1.000000
0.989947 0.115257 -0.081974 1.506055 -0.050946 0.831266 0.553536 112.365639 0.131942 -0.543795 0.828781 -14.142219 0.000000 0.000000 0.000000 1.000000
0.990559 0.110250 -0.081478 1.561903 -0.058493 0.877422 0.476139 116.201996 0.123985 -0.466878 0.875587 -14.024768 0.000000 0.000000 0.000000 1.000000
0.991456 0.103173 -0.079820 1.597948 -0.064527 0.919701 0.387280 119.913620 0.113367 -0.378820 0.918500 -13.619092 0.000000 0.000000 0.000000 1.000000
0.992659 0.093873 -0.076268 1.610581 -0.067613 0.953527 0.293622 123.416412 0.100287 -0.286310 0.952874 -12.981840 0.000000 0.000000 0.000000 1.000000
0.994013 0.083606 -0.070345 1.605511 -0.067844 0.976942 0.202440 126.672073 0.085648 -0.196455 0.976765 -12.212764 0.000000 0.000000 0.000000 1.000000
0.995370 0.073501 -0.061932 1.591204 -0.065693 0.990616 0.119853 129.731781 0.070160 -0.115229 0.990858 -11.444149 0.000000 0.000000 0.000000 1.000000
0.996599 0.064505 -0.051275 1.573167 -0.061969 0.996846 0.049584 132.638580 0.054312 -0.046238 0.997453 -10.777206 0.000000 0.000000 0.000000 1.000000
0.997587 0.057461 -0.038961 1.555190 -0.057789 0.998302 -0.007319 135.399918 0.038474 0.009553 0.999214 -10.272536 0.000000 0.000000 0.000000 1.000000
0.998272 0.052824 -0.025746 1.540628 -0.054106 0.997183 -0.051942 138.002747 0.022930 0.053246 0.998318 -9.959983 0.000000 0.000000 0.000000 1.000000
0.998647 0.050497 -0.012436 1.532534 -0.051386 0.994923 -0.086537 140.421585 0.008003 0.087059 0.996171 -9.845747 0.000000 0.000000 0.000000 1.000000
0.998759 0.049798 0.000165 1.532334 -0.049457 0.992298 -0.113573 142.626160 -0.005819 0.113424 0.993530 -9.921917 0.000000 0.000000 0.000000 1.000000
0.998707 0.049571 0.011247 1.538403 -0.047603 0.989691 -0.135075 144.590500 -0.017827 0.134365 0.990772 -10.175446 0.000000 0.000000 0.000000 1.000000
0.998624 0.048467 0.020009 1.546018 -0.044864 0.987306 -0.152364 146.301483 -0.027140 0.151256 0.988122 -10.592778 0.000000 0.000000 0.000000 1.000000
0.998643 0.045284 0.025722 1.548911 -0.040399 0.985276 -0.166131 147.763107 -0.032867 0.164867 0.985768 -11.158886 0.000000 0.000000 0.000000 1.000000
0.998840 0.039291 0.027824 1.541920 -0.033772 0.983683 -0.176710 148.995224 -0.034313 0.175565 0.983870 -11.853481 0.000000 0.000000 0.000000 1.000000
0.999199 0.030424 0.025991 1.523290 -0.025122 0.982540 -0.184347 150.028397 -0.031146 0.183546 0.982518 -12.649094 0.000000 0.000000 0.000000 1.000000
0.999610 0.019336 0.020173 1.496027 -0.015170 0.981794 -0.189342 150.896790 -0.023467 0.188962 0.981704 -13.512836 0.000000 0.000000 0.000000 1.000000
0.999918 0.007261 0.010580 1.468038 -0.005095 0.981377 -0.192026 151.631027 -0.011777 0.191956 0.981333 -14.411392 0.000000 0.000000 0.000000 1.000000
0.999988 -0.004300 -0.002323 1.450775 0.003772 0.981269 -0.192607 152.253616 0.003107 0.192596 0.981273 -15.316981 0.000000 0.000000 0.000000 1.000000
0.999744 -0.013908 -0.017858 1.457370 0.010243 0.981532 -0.191025 152.776108 0.020185 0.190793 0.981423 -16.211725 0.000000 0.000000 0.000000 1.000000
0.999171 -0.020539 -0.035156 1.499669 0.013615 0.982284 -0.186904 153.201477 0.038372 0.186271 0.981749 -17.088951 0.000000 0.000000 0.000000 1.000000
0.998301 -0.023754 -0.053213 1.585577 0.013829 0.983633 -0.179653 153.528839 0.056610 0.178612 0.982290 -17.951365 0.000000 0.000000 0.000000 1.000000
0.997195 -0.023733 -0.070980 1.717238 0.011449 0.985600 -0.168704 153.759888 0.073961 0.167418 0.983108 -18.806982 0.000000 0.000000 0.000000 1.000000
0.995940 -0.021119 -0.087504 1.890760 0.007441 0.988076 -0.153784 153.903000 0.089708 0.152509 0.984222 -19.664627 0.000000 0.000000 0.000000 1.000000
0.994632 -0.016789 -0.102102 2.096920 0.002855 0.990825 -0.135120 153.973099 0.103434 0.134103 0.985555 -20.529509 0.000000 0.000000 0.000000 1.000000
0.993390 -0.012173 -0.114145 2.319977 -0.000865 0.993539 -0.113491 154.005615 0.114789 0.112840 0.986960 -21.408857 0.000000 0.000000 0.000000 1.000000
0.992321 -0.008367 -0.123407 2.541586 -0.002812 0.995926 -0.090134 154.028992 0.123658 0.089789 0.988254 -22.306267 0.000000 0.000000 0.000000 1.000000
0.991503 -0.006061 -0.129940 2.740603 -0.002616 0.997783 -0.066503 154.054642 0.130055 0.066278 0.989289 -23.217709 0.000000 0.000000 0.000000 1.000000
0.990969 -0.005496 -0.133977 2.894983 -0.000405 0.999032 -0.043981 154.069183 0.134089 0.043638 0.990008 -24.125378 0.000000 0.000000 0.000000 1.000000
0.990698 -0.006482 -0.135927 2.986328 0.003303 0.999716 -0.023602 154.035049 0.136042 0.022934 0.990438 -24.993092 0.000000 0.000000 0.000000 1.000000
0.990604 -0.008482 -0.136496 3.004137 0.007756 0.999953 -0.005856 153.895493 0.136539 0.004742 0.990623 -25.771074 0.000000 0.000000 0.000000 1.000000
0.990587 -0.010869 -0.136452 2.948969 0.012265 0.999881 0.009393 153.590271 0.136334 -0.010979 0.990602 -26.408953 0.000000 0.000000 0.000000 1.000000
0.990589 -0.013209 -0.136229 2.829479 0.016474 0.999603 0.022866 153.071259 0.135873 -0.024895 0.990413 -26.868904 0.000000 0.000000 0.000000 1.000000
0.990614 -0.015333 -0.135827 2.656326 0.020362 0.999155 0.035713 152.305740 0.135165 -0.038144 0.990089 -27.126865 0.000000 0.000000 0.000000 1.000000
0.990540 -0.016122 -0.136277 2.447774 0.023028 0.998521 0.049253 151.299728 0.135281 -0.051926 0.989446 -27.221924 0.000000 0.000000 0.000000 1.000000
0.991063 -0.019962 -0.131890 2.197050 0.028728 0.997478 0.064897 150.159851 0.130261 -0.068106 0.989138 -27.177492 0.000000 0.000000 0.000000 1.000000
0.991968 -0.026003 -0.123787 1.900646 0.036540 0.995827 0.083630 148.696777 0.121096 -0.087481 0.988778 -26.757729 0.000000 0.000000 0.000000 1.000000
0.992501 -0.027630 -0.119069 1.608389 0.040340 0.993579 0.105700 146.977890 0.115384 -0.109711 0.987244 -26.000221 0.000000 0.000000 0.000000 1.000000
0.993220 -0.029471 -0.112451 1.320726 0.044248 0.990359 0.131270 145.209503 0.107498 -0.135355 0.984948 -25.052696 0.000000 0.000000 0.000000 1.000000
0.994019 -0.031105 -0.104680 1.054594 0.047686 0.985992 0.159828 143.473328 0.098243 -0.163864 0.981579 -23.926947 0.000000 0.000000 0.000000 1.000000
0.994761 -0.031629 -0.097207 0.827471 0.049785 0.980432 0.190457 141.834030 0.089281 -0.194299 0.976871 -22.645893 0.000000 0.000000 0.000000 1.000000
0.995390 -0.030757 -0.090846 0.652450 0.050353 0.973736 0.222041 140.353546 0.081630 -0.225591 0.970796 -21.240833 0.000000 0.000000 0.000000 1.000000
0.995840 -0.027813 -0.086768 0.535305 0.049060 0.966125 0.253370 139.048889 0.076781 -0.256573 0.963470 -19.746002 0.000000 0.000000 0.000000 1.000000
0.996062 -0.022294 -0.085812 0.473089 0.045847 0.957934 0.283301 137.914871 0.075887 -0.286120 0.955184 -18.201841 0.000000 0.000000 0.000000 1.000000
0.995993 -0.013996 -0.088333 0.454698 0.040912 0.949582 0.310837 136.932373 0.079529 -0.313205 0.946350 -16.652357 0.000000 0.000000 0.000000 1.000000
0.995571 -0.003292 -0.093956 0.462183 0.034744 0.941522 0.335154 136.074539 0.087359 -0.336934 0.937467 -15.135741 0.000000 0.000000 0.000000 1.000000
0.994779 0.008848 -0.101672 0.475249 0.028035 0.934220 0.355595 135.320221 0.098130 -0.356588 0.929094 -13.683374 0.000000 0.000000 0.000000 1.000000
0.993689 0.021116 -0.110164 0.476283 0.021480 0.928123 0.371653 134.653305 0.110094 -0.371673 0.921812 -12.314923 0.000000 0.000000 0.000000 1.000000
0.992489 0.032078 -0.118057 0.454493 0.015709 0.923607 0.383019 134.066818 0.121325 -0.381996 0.916166 -11.038982 0.000000 0.000000 0.000000 1.000000
0.991428 0.040510 -0.124213 0.408289 0.011191 0.920890 0.389662 133.561356 0.130171 -0.387712 0.912543 -9.855799 0.000000 0.000000 0.000000 1.000000
0.990737 0.045628 -0.127902 0.344091 0.008228 0.919962 0.391921 133.138321 0.135547 -0.389343 0.911065 -8.758178 0.000000 0.000000 0.000000 1.000000
0.990534 0.047229 -0.128887 0.273421 0.006926 0.920555 0.390551 132.797318 0.137093 -0.387747 0.911514 -7.736376 0.000000 0.000000 0.000000 1.000000
0.990541 0.047738 -0.128644 0.216039 0.006260 0.920830 0.389915 132.527695 0.137073 -0.387032 0.911821 -6.793358 0.000000 0.000000 0.000000 1.000000
0.990602 0.047961 -0.128094 0.180455 0.005756 0.921059 0.389381 132.315979 0.136657 -0.386459 0.912126 -5.910765 0.000000 0.000000 0.000000 1.000000
0.990709 0.047937 -0.127273 0.166254 0.005391 0.921246 0.388942 132.145737 0.135894 -0.386014 0.912428 -5.076578 0.000000 0.000000 0.000000 1.000000
0.990855 0.047703 -0.126216 0.166563 0.005141 0.921396 0.388592 131.999664 0.134832 -0.385687 0.912724 -4.282327 0.000000 0.000000 0.000000 1.000000
0.991033 0.047308 -0.124966 0.170756 0.004977 0.921510 0.388324 131.864151 0.133528 -0.385463 0.913011 -3.524326 0.000000 0.000000 0.000000 1.000000
0.991233 0.046797 -0.123563 0.167901 0.004874 0.921591 0.388131 131.731277 0.132038 -0.385330 0.913283 -2.803827 0.000000 0.000000 0.000000 1.000000
0.991448 0.046207 -0.122044 0.150064 0.004808 0.921644 0.388008 131.599503 0.130410 -0.385277 0.913540 -2.126036 0.000000 0.000000 0.000000 1.000000
0.991675 0.045558 -0.120435 0.114319 0.004772 0.921669 0.387947 131.471924 0.128675 -0.385292 0.913779 -1.498558 0.000000 0.000000 0.000000 1.000000
0.991910 0.044854 -0.118752 0.063038 0.004767 0.921671 0.387943 131.353470 0.126851 -0.385371 0.914001 -0.929423 0.000000 0.000000 0.000000 1.000000
0.992152 0.044085 -0.117008 0.002548 0.004804 0.921651 0.387989 131.247971 0.124945 -0.385506 0.914207 -0.425280 0.000000 0.000000 0.000000 1.000000
0.992399 0.043245 -0.115211 -0.059149 0.004893 0.921613 0.388079 131.156403 0.122962 -0.385693 0.914396 0.009990 0.000000 0.000000 0.000000 1.000000
0.992650 0.042331 -0.113377 -0.114763 0.005040 0.921559 0.388207 131.076202 0.120917 -0.385925 0.914572 0.375591 0.000000 0.000000 0.000000 1.000000
0.992900 0.041360 -0.111528 -0.159426 0.005238 0.921491 0.388365 131.002487 0.118835 -0.386192 0.914732 0.673408 0.000000 0.000000 0.000000 1.000000
0.993145 0.040363 -0.109698 -0.191373 0.005470 0.921412 0.388549 130.930038 0.116760 -0.386485 0.914875 0.907105 0.000000 0.000000 0.000000 1.000000
0.993379 0.039382 -0.107925 -0.211609 0.005710 0.921326 0.388750 130.855728 0.114743 -0.386792 0.915000 1.081026 0.000000 0.000000 0.000000 1.000000
0.993596 0.038459 -0.106244 -0.222858 0.005934 0.921234 0.388963 130.780426 0.112835 -0.387102 0.915107 1.199471 0.000000 0.000000 0.000000 1.000000
0.993793 0.037623 -0.104687 -0.228253 0.006124 0.921141 0.389181 130.709549 0.111074 -0.387406 0.915193 1.266317 0.000000 0.000000 0.000000 1.000000
0.993969 0.036888 -0.103275 -0.230242 0.006277 0.921049 0.389397 130.652710 0.109485 -0.387697 0.915262 1.285254 0.000000 0.000000 0.000000 1.000000
0.994122 0.036248 -0.102018 -0.229974 0.006402 0.920960 0.389605 130.621429 0.108076 -0.387968 0.915314 1.260213 0.000000 0.000000 0.000000 1.000000
0.994254 0.035684 -0.100920 -0.227295 0.006516 0.920877 0.389799 130.626251 0.106844 -0.388217 0.915353 1.195908 0.000000 0.000000 0.000000 1.000000
0.994366 0.035184 -0.099987 -0.221152 0.006632 0.920803 0.389972 130.673752 0.105789 -0.388439 0.915382 1.098364 0.000000 0.000000 0.000000 1.000000
0.994461 0.034714 -0.099208 -0.210651 0.006778 0.920740 0.390119 130.765442 0.104887 -0.388630 0.915404 0.974715 0.000000 0.000000 0.000000 1.000000
0.994537 0.034283 -0.098599 -0.194914 0.006951 0.920691 0.390232 130.897263 0.104157 -0.388785 0.915422 0.831918 0.000000 0.000000 0.000000 1.000000
0.994590 0.033917 -0.098186 -0.173880 0.007136 0.920658 0.390304 131.060516 0.103634 -0.388893 0.915435 0.676785 0.000000 0.000000 0.000000 1.000000
0.994621 0.033600 -0.097977 -0.144166 0.007349 0.920645 0.390331 131.263916 0.103317 -0.388951 0.915447 0.510255 0.000000 0.000000 0.000000 1.000000</float_array><technique_common><accessor source="#Hips-Matrix-animation-output-transform-array" count="101" stride="16"><param type="float4x4"/></accessor></technique_common></source><source id="Hips-Interpolations"><Name_array id="Hips-Interpolations-array" count="101">
 LINEAR LINEAR LINEAR LINEAR LINEAR LINEAR LINEAR LINEAR LINEAR LINEAR LINEAR
LINEAR LINEAR LINEAR LINEAR LINEAR LINEAR LINEAR LINEAR LINEAR LINEAR LINEAR LINEAR
LINEAR LINEAR LINEAR LINEAR LINEAR LINEAR LINEAR LINEAR LINEAR LINEAR LINEAR LINEAR
LINEAR LINEAR LINEAR LINEAR LINEAR LINEAR LINEAR LINEAR LINEAR LINEAR LINEAR LINEAR
LINEAR LINEAR LINEAR LINEAR LINEAR LINEAR LINEAR LINEAR LINEAR LINEAR LINEAR LINEAR
LINEAR LINEAR LINEAR LINEAR LINEAR LINEAR LINEAR LINEAR LINEAR LINEAR LINEAR LINEAR
LINEAR LINEAR LINEAR LINEAR LINEAR LINEAR LINEAR LINEAR LINEAR LINEAR LINEAR LINEAR
LINEAR LINEAR LINEAR LINEAR LINEAR LINEAR LINEAR LINEAR LINEAR LINEAR LINEAR LINEAR
LINEAR LINEAR LINEAR LINEAR LINEAR LINEAR</Name_array><technique_common><accessor source="#Hips-Interpolations-array" count="101"><param type="name"/></accessor></technique_common></source><sampler id="Hips-Matrix-animation-transform"><input semantic="INPUT" source="#Hips-Matrix-animation-input"/><input semantic="OUTPUT" source="#Hips-Matrix-animation-output-transform"/><input semantic="INTERPOLATION" source="#Hips-Interpolations"/></sampler><channel source="#Hips-Matrix-animation-transform" target="Hips/matrix"/></animation>
    <animation id="Spine-anim" name="Spine"><source id="Spine-Matrix-animation-input"><float_array id="Spine-Matrix-animation-input-array" count="101">

0.000000 0.033333 0.066667 0.100000 0.133333 0.166667 0.200000 0.233333 0.266667 0.300000 0.333333 0.366667 0.400000 0.433333 0.466667 0.500000
0.533333 0.566667 0.600000 0.633333 0.666667 0.700000 0.733333 0.766667 0.800000 0.833333 0.866667 0.900000 0.933333 0.966667 1.000000 1.033333
1.066667 1.100000 1.133333 1.166667 1.200000 1.233333 1.266667 1.300000 1.333333 1.366667 1.400000 1.433333 1.466667 1.500000 1.533333 1.566667
1.600000 1.633333 1.666667 1.700000 1.733333 1.766667 1.800000 1.833333 1.866667 1.900000 1.933333 1.966667 2.000000 2.033333 2.066667 2.100000
2.133333 2.166667 2.200000 2.233333 2.266667 2.300000 2.333333 2.366667 2.400000 2.433333 2.466667 2.500000 2.533333 2.566667 2.600000 2.633333
2.666667 2.700000 2.733333 2.766667 2.800000 2.833333 2.866667 2.900000 2.933333 2.966667 3.000000 3.033333 3.066667 3.100000 3.133333 3.166667
3.200000 3.233333 3.266667 3.300000 3.333333</float_array><technique_common><accessor source="#Spine-Matrix-animation-input-array" count="101"><param name="TIME" type="float"/></accessor></technique_common></source><source id="Spine-Matrix-animation-output-transform"><float_array id="Spine-Matrix-animation-output-transform-array" count="1616">

0.999846 0.004445 -0.016992 0.009000 -0.006679 0.990988 -0.133784 7.062600 0.016244 0.133877 0.990865 -0.984700 0.000000 0.000000 0.000000 1.000000
0.999863 0.003535 -0.016196 0.009000 -0.005658 0.991111 -0.132915 7.062600 0.015582 0.132989 0.990995 -0.984700 0.000000 0.000000 0.000000 1.000000
0.999878 0.002532 -0.015405 0.009000 -0.004527 0.991386 -0.130895 7.062600 0.014941 0.130948 0.991277 -0.984700 0.000000 0.000000 0.000000 1.000000
0.999892 0.001452 -0.014637 0.009000 -0.003315 0.991762 -0.128049 7.062600 0.014331 0.128084 0.991660 -0.984700 0.000000 0.000000 0.000000 1.000000
0.999903 0.000279 -0.013919 0.009000 -0.002006 0.992247 -0.124266 7.062600 0.013776 0.124282 0.992151 -0.984700 0.000000 0.000000 0.000000 1.000000
0.999911 -0.000986 -0.013280 0.009000 -0.000611 0.992811 -0.119688 7.062600 0.013302 0.119685 0.992723 -0.984700 0.000000 0.000000 0.000000 1.000000
0.999916 -0.002313 -0.012745 0.009000 0.000835 0.993390 -0.114788 7.062600 0.012926 0.114768 0.993308 -0.984700 0.000000 0.000000 0.000000 1.000000
0.999917 -0.003640 -0.012339 0.009000 0.002257 0.993889 -0.110357 7.062600 0.012666 0.110320 0.993815 -0.984700 0.000000 0.000000 0.000000 1.000000
0.999915 -0.004896 -0.012062 0.009000 0.003572 0.994209 -0.107404 7.062600 0.012518 0.107352 0.994142 -0.984700 0.000000 0.000000 0.000000 1.000000
0.999911 -0.006002 -0.011891 0.009000 0.004696 0.994250 -0.106977 7.062600 0.012465 0.106912 0.994190 -0.984700 0.000000 0.000000 0.000000 1.000000
0.999907 -0.006898 -0.011788 0.009000 0.005561 0.993922 -0.109949 7.062600 0.012475 0.109873 0.993867 -0.984700 0.000000 0.000000 0.000000 1.000000
0.999903 -0.007549 -0.011701 0.009000 0.006130 0.993133 -0.116833 7.062600 0.012502 0.116750 0.993083 -0.984700 0.000000 0.000000 0.000000 1.000000
0.999901 -0.007946 -0.011589 0.009000 0.006401 0.991796 -0.127671 7.062600 0.012509 0.127584 0.991749 -0.984700 0.000000 0.000000 0.000000 1.000000
0.999902 -0.008103 -0.011433 0.009000 0.006398 0.989843 -0.142023 7.062600 0.012468 0.141936 0.989797 -0.984700 0.000000 0.000000 0.000000 1.000000
0.999904 -0.008042 -0.011240 0.009000 0.006152 0.987252 -0.159044 7.062600 0.012376 0.158960 0.987207 -0.984700 0.000000 0.000000 0.000000 1.000000
0.999909 -0.007769 -0.011042 0.009000 0.005684 0.984084 -0.177613 7.062600 0.012247 0.177534 0.984038 -0.984700 0.000000 0.000000 0.000000 1.000000
0.999914 -0.007288 -0.010869 0.009000 0.005011 0.980502 -0.196445 7.062600 0.012089 0.196373 0.980455 -0.984700 0.000000 0.000000 0.000000 1.000000
0.999921 -0.006619 -0.010726 0.009000 0.004168 0.976784 -0.214185 7.062600 0.011895 0.214123 0.976734 -0.984700 0.000000 0.000000 0.000000 1.000000
0.999927 -0.005824 -0.010587 0.009000 0.003239 0.973314 -0.229456 7.062600 0.011641 0.229405 0.973261 -0.984700 0.000000 0.000000 0.000000 1.000000
0.999933 -0.005015 -0.010404 0.009000 0.002361 0.970548 -0.240895 7.062600 0.011306 0.240854 0.970495 -0.984700 0.000000 0.000000 0.000000 1.000000
0.999939 -0.004350 -0.010128 0.009000 0.001711 0.968958 -0.247219 7.062600 0.010889 0.247187 0.968907 -0.984700 0.000000 0.000000 0.000000 1.000000
0.999945 -0.003995 -0.009729 0.009000 0.001464 0.968927 -0.247342 7.062600 0.010415 0.247314 0.968879 -0.984700 0.000000 0.000000 0.000000 1.000000
0.999949 -0.004078 -0.009206 0.009000 0.001744 0.970639 -0.240537 7.062600 0.009917 0.240508 0.970596 -0.984700 0.000000 0.000000 0.000000 1.000000
0.999952 -0.004629 -0.008591 0.009000 0.002562 0.973981 -0.226617 7.062600 0.009416 0.226584 0.973946 -0.984700 0.000000 0.000000 0.000000 1.000000
0.999953 -0.005480 -0.007958 0.009000 0.003722 0.978530 -0.206073 7.062600 0.008917 0.206033 0.978504 -0.984700 0.000000 0.000000 0.000000 1.000000
0.999953 -0.006126 -0.007476 0.009000 0.004680 0.983635 -0.180110 7.062600 0.008457 0.180067 0.983618 -0.984700 0.000000 0.000000 0.000000 1.000000
0.999957 -0.005562 -0.007478 0.009000 0.004373 0.988595 -0.150536 7.062600 0.008230 0.150497 0.988576 -0.984700 0.000000 0.000000 0.000000 1.000000
0.999961 -0.003010 -0.008300 0.009000 0.001996 0.992831 -0.119506 7.062600 0.008601 0.119485 0.992799 -0.984700 0.000000 0.000000 0.000000 1.000000
0.999951 0.000980 -0.009819 0.009000 -0.001852 0.996013 -0.089187 7.062600 0.009693 0.089201 0.995966 -0.984700 0.000000 0.000000 0.000000 1.000000
0.999914 0.005925 -0.011738 0.009000 -0.006635 0.998090 -0.061413 7.062600 0.011352 0.061486 0.998043 -0.984700 0.000000 0.000000 0.000000 1.000000
0.999842 0.011344 -0.013655 0.009000 -0.011849 0.999228 -0.037463 7.062600 0.013219 0.037619 0.999205 -0.984700 0.000000 0.000000 0.000000 1.000000
0.999748 0.016579 -0.015126 0.009000 -0.016850 0.999696 -0.017998 7.062600 0.014823 0.018248 0.999724 -0.984700 0.000000 0.000000 0.000000 1.000000
0.999653 0.021043 -0.015857 0.009000 -0.021095 0.999773 -0.003138 7.062600 0.015787 0.003471 0.999869 -0.984700 0.000000 0.000000 0.000000 1.000000
0.999578 0.024380 -0.015785 0.009000 -0.024266 0.999678 0.007368 7.062600 0.015959 -0.006982 0.999848 -0.984700 0.000000 0.000000 0.000000 1.000000
0.999534 0.026554 -0.015059 0.009000 -0.026345 0.999556 0.013942 7.062600 0.015422 -0.013539 0.999789 -0.984700 0.000000 0.000000 0.000000 1.000000
0.999515 0.027832 -0.013971 0.009000 -0.027593 0.999474 0.017021 7.062600 0.014438 -0.016628 0.999758 -0.984700 0.000000 0.000000 0.000000 1.000000
0.999507 0.028650 -0.012871 0.009000 -0.028430 0.999452 0.016961 7.062600 0.013350 -0.016586 0.999773 -0.984700 0.000000 0.000000 0.000000 1.000000
0.999493 0.029451 -0.012125 0.009000 -0.029280 0.999473 0.014023 7.062600 0.012532 -0.013661 0.999828 -0.984700 0.000000 0.000000 0.000000 1.000000
0.999461 0.030534 -0.012086 0.009000 -0.030433 0.999501 0.008415 7.062600 0.012337 -0.008043 0.999892 -0.984700 0.000000 0.000000 0.000000 1.000000
0.999403 0.031980 -0.013048 0.009000 -0.031978 0.999489 0.000365 7.062600 0.013053 0.000053 0.999915 -0.984700 0.000000 0.000000 0.000000 1.000000
0.999320 0.033623 -0.015151 0.009000 -0.033774 0.999381 -0.009837 7.062600 0.014811 0.010342 0.999837 -0.984700 0.000000 0.000000 0.000000 1.000000
0.999216 0.035107 -0.018309 0.009000 -0.035504 0.999131 -0.021819 7.062600 0.017527 0.022452 0.999594 -0.984700 0.000000 0.000000 0.000000 1.000000
0.999105 0.036027 -0.022179 0.009000 -0.036793 0.998704 -0.035153 7.062600 0.020884 0.035937 0.999136 -0.984700 0.000000 0.000000 0.000000 1.000000
0.999008 0.036026 -0.026194 0.009000 -0.037288 0.998083 -0.049397 7.062600 0.024364 0.050325 0.998436 -0.984700 0.000000 0.000000 0.000000 1.000000
0.998949 0.034932 -0.029689 0.009000 -0.036779 0.997263 -0.064136 7.062600 0.027367 0.065160 0.997499 -0.984700 0.000000 0.000000 0.000000 1.000000
0.998950 0.032761 -0.032038 0.009000 -0.035206 0.996253 -0.079001 7.062600 0.029330 0.080046 0.996360 -0.984700 0.000000 0.000000 0.000000 1.000000
0.999022 0.029686 -0.032776 0.009000 -0.032642 0.995067 -0.093684 7.062600 0.029833 0.094662 0.995062 -0.984700 0.000000 0.000000 0.000000 1.000000
0.999163 0.025935 -0.031629 0.009000 -0.029211 0.993727 -0.107950 7.062600 0.028631 0.108784 0.993653 -0.984700 0.000000 0.000000 0.000000 1.000000
0.999359 0.021703 -0.028484 0.009000 -0.025015 0.992260 -0.121635 7.062600 0.025624 0.122270 0.992166 -0.984700 0.000000 0.000000 0.000000 1.000000
0.999562 0.017625 -0.023754 0.009000 -0.020667 0.990682 -0.134617 7.062600 0.021160 0.135049 0.990613 -0.984700 0.000000 0.000000 0.000000 1.000000
0.999739 0.014105 -0.017967 0.009000 -0.016592 0.989026 -0.146805 7.062600 0.015699 0.147065 0.989002 -0.984700 0.000000 0.000000 0.000000 1.000000
0.999866 0.011361 -0.011820 0.009000 -0.013087 0.987337 -0.158097 7.062600 0.009874 0.158231 0.987353 -0.984700 0.000000 0.000000 0.000000 1.000000
0.999937 0.009425 -0.006127 0.009000 -0.010322 0.985673 -0.168350 7.062600 0.004452 0.168402 0.985708 -0.984700 0.000000 0.000000 0.000000 1.000000
0.999965 0.008157 -0.001606 0.009000 -0.008313 0.984109 -0.177372 7.062600 0.000134 0.177380 0.984143 -0.984700 0.000000 0.000000 0.000000 1.000000
0.999972 0.007294 0.001473 0.009000 -0.006896 0.982721 -0.184963 7.062600 -0.002797 0.184948 0.982744 -0.984700 0.000000 0.000000 0.000000 1.000000
0.999973 0.006592 0.003247 0.009000 -0.005850 0.981580 -0.190961 7.062600 -0.004446 0.190937 0.981592 -0.984700 0.000000 0.000000 0.000000 1.000000
0.999975 0.005942 0.003956 0.009000 -0.005055 0.980729 -0.195308 7.062600 -0.005041 0.195283 0.980734 -0.984700 0.000000 0.000000 0.000000 1.000000
0.999978 0.005354 0.003863 0.009000 -0.004483 0.980174 -0.198086 7.062600 -0.004847 0.198064 0.980177 -0.984700 0.000000 0.000000 0.000000 1.000000
0.999980 0.004004 0.004847 0.009000 -0.002957 0.979890 -0.199517 7.062600 -0.005548 0.199499 0.979882 -0.984700 0.000000 0.000000 0.000000 1.000000
0.999986 0.005064 0.001224 0.009000 -0.004717 0.979793 -0.199959 7.062600 -0.002212 0.199950 0.979804 -0.984700 0.000000 0.000000 0.000000 1.000000
0.999957 0.007836 -0.004973 0.009000 -0.008671 0.979803 -0.199776 7.062600 0.003307 0.199810 0.979829 -0.984700 0.000000 0.000000 0.000000 1.000000
0.999962 0.007153 -0.004986 0.009000 -0.008004 0.979893 -0.199364 7.062600 0.003460 0.199396 0.979913 -0.984700 0.000000 0.000000 0.000000 1.000000
0.999966 0.006543 -0.005066 0.009000 -0.007421 0.979972 -0.198999 7.062600 0.003663 0.199029 0.979987 -0.984700 0.000000 0.000000 0.000000 1.000000
0.999970 0.005904 -0.005030 0.009000 -0.006787 0.980010 -0.198831 7.062600 0.003756 0.198859 0.980021 -0.984700 0.000000 0.000000 0.000000 1.000000
0.999978 0.004952 -0.004355 0.009000 -0.005719 0.980010 -0.198865 7.062600 0.003283 0.198885 0.980017 -0.984700 0.000000 0.000000 0.000000 1.000000
0.999986 0.003999 -0.003490 0.009000 -0.004614 0.979993 -0.198977 7.062600 0.002625 0.198990 0.979998 -0.984700 0.000000 0.000000 0.000000 1.000000
0.999992 0.003054 -0.002408 0.009000 -0.003472 0.980000 -0.198969 7.062600 0.001752 0.198976 0.980003 -0.984700 0.000000 0.000000 0.000000 1.000000
0.999997 0.002103 -0.001107 0.009000 -0.002281 0.980073 -0.198624 7.062600 0.000667 0.198626 0.980075 -0.984700 0.000000 0.000000 0.000000 1.000000
0.999999 0.001075 0.000426 0.009000 -0.000970 0.980249 -0.197764 7.062600 -0.000630 0.197763 0.980250 -0.984700 0.000000 0.000000 0.000000 1.000000
0.999998 -0.000032 0.002031 0.009000 0.000430 0.980547 -0.196282 7.062600 -0.001985 0.196283 0.980545 -0.984700 0.000000 0.000000 0.000000 1.000000
0.999993 -0.001118 0.003432 0.009000 0.001763 0.980967 -0.194165 7.062600 -0.003150 0.194170 0.980963 -0.984700 0.000000 0.000000 0.000000 1.000000
0.999988 -0.002074 0.004446 0.009000 0.002887 0.981494 -0.191474 7.062600 -0.003966 0.191484 0.981488 -0.984700 0.000000 0.000000 0.000000 1.000000
0.999984 -0.002772 0.004992 0.009000 0.003663 0.982100 -0.188326 7.062600 -0.004380 0.188342 0.982094 -0.984700 0.000000 0.000000 0.000000 1.000000
0.999982 -0.003120 0.005137 0.009000 0.004016 0.982756 -0.184865 7.062600 -0.004471 0.184882 0.982750 -0.984700 0.000000 0.000000 0.000000 1.000000
0.999983 -0.003050 0.005014 0.009000 0.003908 0.983432 -0.181235 7.062600 -0.004378 0.181251 0.983427 -0.984700 0.000000 0.000000 0.000000 1.000000
0.999986 -0.002526 0.004744 0.009000 0.003329 0.984102 -0.177575 7.062600 -0.004220 0.177589 0.984096 -0.984700 0.000000 0.000000 0.000000 1.000000
0.999988 -0.001751 0.004547 0.009000 0.002516 0.984740 -0.174016 7.062600 -0.004173 0.174025 0.984732 -0.984700 0.000000 0.000000 0.000000 1.000000
0.999990 -0.000840 0.004466 0.009000 0.001590 0.985326 -0.170675 7.062600 -0.004257 0.170680 0.985317 -0.984700 0.000000 0.000000 0.000000 1.000000
0.999990 0.000121 0.004409 0.009000 0.000620 0.985846 -0.167654 7.062600 -0.004367 0.167655 0.985836 -0.984700 0.000000 0.000000 0.000000 1.000000
0.999991 0.001055 0.004213 0.009000 -0.000345 0.986288 -0.165030 7.062600 -0.004330 0.165027 0.986280 -0.984700 0.000000 0.000000 0.000000 1.000000
0.999991 0.001887 0.003711 0.009000 -0.001258 0.986652 -0.162840 7.062600 -0.003968 0.162834 0.986645 -0.984700 0.000000 0.000000 0.000000 1.000000
0.999993 0.002574 0.002782 0.009000 -0.002093 0.986940 -0.161076 7.062600 -0.003160 0.161069 0.986938 -0.984700 0.000000 0.000000 0.000000 1.000000
0.999994 0.003110 0.001399 0.009000 -0.002847 0.987165 -0.159681 7.062600 -0.001877 0.159676 0.987168 -0.984700 0.000000 0.000000 0.000000 1.000000
0.999994 0.003527 -0.000367 0.009000 -0.003541 0.987342 -0.158564 7.062600 -0.000197 0.158564 0.987349 -0.984700 0.000000 0.000000 0.000000 1.000000
0.999990 0.003879 -0.002361 0.009000 -0.004202 0.987492 -0.157611 7.062600 0.001721 0.157619 0.987498 -0.984700 0.000000 0.000000 0.000000 1.000000
0.999981 0.004221 -0.004393 0.009000 -0.004858 0.987632 -0.156716 7.062600 0.003677 0.156735 0.987634 -0.984700 0.000000 0.000000 0.000000 1.000000
0.999970 0.004589 -0.006282 0.009000 -0.005512 0.987773 -0.155799 7.062600 0.005490 0.155829 0.987769 -0.984700 0.000000 0.000000 0.000000 1.000000
0.999956 0.004985 -0.007906 0.009000 -0.006149 0.987925 -0.154814 7.062600 0.007039 0.154856 0.987912 -0.984700 0.000000 0.000000 0.000000 1.000000
0.999943 0.005379 -0.009219 0.009000 -0.006732 0.988087 -0.153752 7.062600 0.008282 0.153805 0.988067 -0.984700 0.000000 0.000000 0.000000 1.000000
0.999931 0.005719 -0.010248 0.009000 -0.007217 0.988257 -0.152628 7.062600 0.009255 0.152691 0.988231 -0.984700 0.000000 0.000000 0.000000 1.000000
0.999921 0.005951 -0.011072 0.009000 -0.007560 0.988434 -0.151461 7.062600 0.010043 0.151533 0.988401 -0.984700 0.000000 0.000000 0.000000 1.000000
0.999912 0.006034 -0.011789 0.009000 -0.007737 0.988616 -0.150259 7.062600 0.010748 0.150337 0.988576 -0.984700 0.000000 0.000000 0.000000 1.000000
0.999904 0.005957 -0.012481 0.009000 -0.007751 0.988805 -0.149012 7.062600 0.011454 0.149094 0.988757 -0.984700 0.000000 0.000000 0.000000 1.000000
0.999896 0.005743 -0.013197 0.009000 -0.007630 0.989005 -0.147684 7.062600 0.012204 0.147770 0.988947 -0.984700 0.000000 0.000000 0.000000 1.000000
0.999888 0.005439 -0.013941 0.009000 -0.007419 0.989222 -0.146232 7.062600 0.012995 0.146319 0.989152 -0.984700 0.000000 0.000000 0.000000 1.000000
0.999879 0.005105 -0.014682 0.009000 -0.007176 0.989462 -0.144613 7.062600 0.013789 0.144701 0.989379 -0.984700 0.000000 0.000000 0.000000 1.000000
0.999870 0.004794 -0.015369 0.009000 -0.006941 0.989727 -0.142800 7.062600 0.014527 0.142888 0.989632 -0.984700 0.000000 0.000000 0.000000 1.000000
0.999862 0.004567 -0.015976 0.009000 -0.006772 0.990016 -0.140789 7.062600 0.015174 0.140878 0.989911 -0.984700 0.000000 0.000000 0.000000 1.000000
0.999855 0.004433 -0.016469 0.009000 -0.006674 0.990326 -0.138602 7.062600 0.015695 0.138692 0.990211 -0.984700 0.000000 0.000000 0.000000 1.000000
0.999849 0.004377 -0.016837 0.009000 -0.006632 0.990648 -0.136279 7.062600 0.016083 0.136370 0.990527 -0.984700 0.000000 0.000000 0.000000 1.000000
0.999846 0.004445 -0.016994 0.009000 -0.006680 0.990988 -0.133784 7.062600 0.016246 0.133877 0.990865 -0.984700 0.000000 0.000000 0.000000 1.000000</float_array><technique_common><accessor source="#Spine-Matrix-animation-output-transform-array" count="101" stride="16"><param type="float4x4"/></accessor></technique_common></source><source id="Spine-Interpolations"><Name_array id="Spine-Interpolations-array" count="101">
 LINEAR LINEAR LINEAR LINEAR LINEAR LINEAR LINEAR LINEAR LINEAR LINEAR LINEAR
LINEAR LINEAR LINEAR LINEAR LINEAR LINEAR LINEAR LINEAR LINEAR LINEAR LINEAR LINEAR
LINEAR LINEAR LINEAR LINEAR LINEAR LINEAR LINEAR LINEAR LINEAR LINEAR LINEAR LINEAR
LINEAR LINEAR LINEAR LINEAR LINEAR LINEAR LINEAR LINEAR LINEAR LINEAR LINEAR LINEAR
LINEAR LINEAR LINEAR LINEAR LINEAR LINEAR LINEAR LINEAR LINEAR LINEAR LINEAR LINEAR
LINEAR LINEAR LINEAR LINEAR LINEAR LINEAR LINEAR LINEAR LINEAR LINEAR LINEAR LINEAR
LINEAR LINEAR LINEAR LINEAR LINEAR LINEAR LINEAR LINEAR LINEAR LINEAR LINEAR LINEAR
LINEAR LINEAR LINEAR LINEAR LINEAR LINEAR LINEAR LINEAR LINEAR LINEAR LINEAR LINEAR
LINEAR LINEAR LINEAR LINEAR LINEAR LINEAR</Name_array><technique_common><accessor source="#Spine-Interpolations-array" count="101"><param type="name"/></accessor></technique_common></source><sampler id="Spine-Matrix-animation-transform"><input semantic="INPUT" source="#Spine-Matrix-animation-input"/><input semantic="OUTPUT" source="#Spine-Matrix-animation-output-transform"/><input semantic="INTERPOLATION" source="#Spine-Interpolations"/></sampler><channel source="#Spine-Matrix-animation-transform" target="Spine/matrix"/></animation>
    <animation id="Spine1-anim" name="Spine1"><source id="Spine1-Matrix-animation-input"><float_array id="Spine1-Matrix-animation-input-array" count="101">

0.000000 0.033333 0.066667 0.100000 0.133333 0.166667 0.200000 0.233333 0.266667 0.300000 0.333333 0.366667 0.400000 0.433333 0.466667 0.500000
0.533333 0.566667 0.600000 0.633333 0.666667 0.700000 0.733333 0.766667 0.800000 0.833333 0.866667 0.900000 0.933333 0.966667 1.000000 1.033333
1.066667 1.100000 1.133333 1.166667 1.200000 1.233333 1.266667 1.300000 1.333333 1.366667 1.400000 1.433333 1.466667 1.500000 1.533333 1.566667
1.600000 1.633333 1.666667 1.700000 1.733333 1.766667 1.800000 1.833333 1.866667 1.900000 1.933333 1.966667 2.000000 2.033333 2.066667 2.100000
2.133333 2.166667 2.200000 2.233333 2.266667 2.300000 2.333333 2.366667 2.400000 2.433333 2.466667 2.500000 2.533333 2.566667 2.600000 2.633333
2.666667 2.700000 2.733333 2.766667 2.800000 2.833333 2.866667 2.900000 2.933333 2.966667 3.000000 3.033333 3.066667 3.100000 3.133333 3.166667
3.200000 3.233333 3.266667 3.300000 3.333333</float_array><technique_common><accessor source="#Spine1-Matrix-animation-input-array" count="101"><param name="TIME" type="float"/></accessor></technique_common></source><source id="Spine1-Matrix-animation-output-transform"><float_array id="Spine1-Matrix-animation-output-transform-array" count="1616">

0.999526 0.009614 -0.029255 0.012400 -0.017029 0.964096 -0.265006 8.239700 0.025657 0.265379 0.963803 -1.148800 0.000000 0.000000 0.000000 1.000000
0.999570 0.008588 -0.028034 0.012400 -0.015673 0.964581 -0.263320 8.239700 0.024780 0.263647 0.964301 -1.148800 0.000000 0.000000 0.000000 1.000000
0.999615 0.007298 -0.026780 0.012400 -0.014000 0.965670 -0.259394 8.239700 0.023968 0.259669 0.965400 -1.148800 0.000000 0.000000 0.000000 1.000000
0.999657 0.005787 -0.025538 0.012400 -0.012084 0.967166 -0.253859 8.239700 0.023230 0.254081 0.966904 -1.148800 0.000000 0.000000 0.000000 1.000000
0.999696 0.003991 -0.024342 0.012400 -0.009870 0.969096 -0.246487 8.239700 0.022606 0.246653 0.968840 -1.148800 0.000000 0.000000 0.000000 1.000000
0.999728 0.001883 -0.023234 0.012400 -0.007350 0.971347 -0.237553 8.239700 0.022121 0.237659 0.971097 -1.148800 0.000000 0.000000 0.000000 1.000000
0.999752 -0.000511 -0.022254 0.012400 -0.004577 0.973657 -0.227973 8.239700 0.021784 0.228019 0.973413 -1.148800 0.000000 0.000000 0.000000 1.000000
0.999766 -0.003107 -0.021425 0.012400 -0.001667 0.975656 -0.219299 8.239700 0.021585 0.219283 0.975422 -1.148800 0.000000 0.000000 0.000000 1.000000
0.999768 -0.005774 -0.020747 0.012400 0.001211 0.976938 -0.213518 8.239700 0.021501 0.213444 0.976719 -1.148800 0.000000 0.000000 0.000000 1.000000
0.999761 -0.008355 -0.020193 0.012400 0.003870 0.977110 -0.212698 8.239700 0.021507 0.212569 0.976909 -1.148800 0.000000 0.000000 0.000000 1.000000
0.999748 -0.010701 -0.019715 0.012400 0.006135 0.975805 -0.218555 8.239700 0.021577 0.218379 0.975626 -1.148800 0.000000 0.000000 0.000000 1.000000
0.999734 -0.012696 -0.019260 0.012400 0.007882 0.972667 -0.232072 8.239700 0.021680 0.231858 0.972508 -1.148800 0.000000 0.000000 0.000000 1.000000
0.999722 -0.014279 -0.018779 0.012400 0.009059 0.967353 -0.253272 8.239700 0.021782 0.253031 0.967213 -1.148800 0.000000 0.000000 0.000000 1.000000
0.999714 -0.015451 -0.018245 0.012400 0.009699 0.959601 -0.281196 8.239700 0.021853 0.280938 0.959477 -1.148800 0.000000 0.000000 0.000000 1.000000
0.999712 -0.016276 -0.017659 0.012400 0.009908 0.949345 -0.314079 8.239700 0.021877 0.313814 0.949233 -1.148800 0.000000 0.000000 0.000000 1.000000
0.999712 -0.016864 -0.017049 0.012400 0.009841 0.936838 -0.349626 8.239700 0.021868 0.349358 0.936734 -1.148800 0.000000 0.000000 0.000000 1.000000
