<?xml version="1.0" encoding="utf-8"?>
<COLLADA xmlns="http://www.collada.org/2005/11/COLLADASchema" version="1.4.1">
  <asset><contributor><author>Mixamo</author><authoring_tool>COLLADA Mixamo exporter</authoring_tool><comments></comments></contributor><created>2020-12-19T15:52:56Z</created><modified>2020-12-19T15:52:56Z</modified><revision></revision><title></title><unit meter="0.010000"/><up_axis>Y_UP</up_axis></asset>
  <library_animations>
    <animation id="Hips-anim" name="Hips"><source id="Hips-Matrix-animation-input"><float_array id="Hips-Matrix-animation-input-array" count="116">

0.000000 0.033333 0.066667 0.100000 0.133333 0.166667 0.200000 0.233333 0.266667 0.300000 0.333333 0.366667 0.400000 0.433333 0.466667 0.500000
0.533333 0.566667 0.600000 0.633333 0.666667 0.700000 0.733333 0.766667 0.800000 0.833333 0.866667 0.900000 0.933333 0.966667 1.000000 1.033333
1.066667 1.100000 1.133333 1.166667 1.200000 1.233333 1.266667 1.300000 1.333333 1.366667 1.400000 1.433333 1.466667 1.500000 1.533333 1.566667
1.600000 1.633333 1.666667 1.700000 1.733333 1.766667 1.800000 1.833333 1.866667 1.900000 1.933333 1.966667 2.000000 2.033333 2.066667 2.100000
2.133333 2.166667 2.200000 2.233333 2.266667 2.300000 2.333333 2.366667 2.400000 2.433333 2.466667 2.500000 2.533333 2.566667 2.600000 2.633333
2.666667 2.700000 2.733333 2.766667 2.800000 2.833333 2.866667 2.900000 2.933333 2.966667 3.000000 3.033333 3.066667 3.100000 3.133333 3.166667
3.200000 3.233333 3.266667 3.300000 3.333333 3.366667 3.400000 3.433333 3.466667 3.500000 3.533333 3.566667 3.600000 3.633333 3.666667 3.700000
3.733333 3.766667 3.800000 3.833333</float_array><technique_common><accessor source="#Hips-Matrix-animation-input-array" count="116"><param name="TIME" type="float"/></accessor></technique_common></source><source id="Hips-Matrix-animation-output-transform"><float_array id="Hips-Matrix-animation-output-transform-array" count="1856">

0.996483 0.007847 -0.083431 -0.073079 0.002140 0.992899 0.118945 98.911667 0.083772 -0.118705 0.989389 2.040737 0.000000 0.000000 0.000000 1.000000
0.996790 0.002269 -0.080024 0.040930 0.007583 0.992427 0.122598 98.899208 0.079696 -0.122811 0.989225 1.891393 0.000000 0.000000 0.000000 1.000000
0.997069 -0.002315 -0.076468 0.143007 0.011951 0.991983 0.125803 98.884735 0.075564 -0.126348 0.989104 1.630924 0.000000 0.000000 0.000000 1.000000
0.997235 -0.005569 -0.074110 0.188123 0.015040 0.991679 0.127855 98.865204 0.072781 -0.128616 0.989020 1.353806 0.000000 0.000000 0.000000 1.000000
0.997328 -0.007342 -0.072690 0.129384 0.016705 0.991497 0.129052 98.878471 0.071124 -0.129921 0.988970 1.206010 0.000000 0.000000 0.000000 1.000000
0.997622 -0.008701 -0.068371 -0.064994 0.017597 0.991278 0.130608 98.971024 0.066639 -0.131500 0.989074 1.327189 0.000000 0.000000 0.000000 1.000000
0.998409 -0.011489 -0.055207 -0.391190 0.018708 0.991063 0.132077 99.186607 0.053196 -0.132899 0.989701 1.695768 0.000000 0.000000 0.000000 1.000000
0.999320 -0.020120 -0.030896 -0.857789 0.023945 0.991371 0.128879 99.614334 0.028036 -0.129531 0.991179 2.043906 0.000000 0.000000 0.000000 1.000000
0.999360 -0.035744 0.001107 -1.544294 0.035386 0.992869 0.113836 100.156281 -0.005168 -0.113724 0.993499 2.008919 0.000000 0.000000 0.000000 1.000000
0.997818 -0.053134 0.039192 -2.570240 0.049795 0.995409 0.081736 100.096626 -0.043355 -0.079606 0.995883 1.186016 0.000000 0.000000 0.000000 1.000000
0.993382 -0.070316 0.090814 -3.794395 0.067682 0.997201 0.031769 99.996147 -0.092794 -0.025412 0.995361 -0.436293 0.000000 0.000000 0.000000 1.000000
0.981831 -0.089389 0.167382 -5.125158 0.096230 0.994805 -0.033196 100.244713 -0.163545 0.048700 0.985333 -2.703777 0.000000 0.000000 0.000000 1.000000
0.957186 -0.105054 0.269737 -6.658548 0.137916 0.984769 -0.105872 101.161339 -0.254506 0.138540 0.957096 -5.335030 0.000000 0.000000 0.000000 1.000000
0.918813 -0.104688 0.380557 -8.499789 0.181855 0.968028 -0.172773 102.666794 -0.350303 0.227952 0.908474 -8.125721 0.000000 0.000000 0.000000 1.000000
0.875036 -0.085827 0.476389 -10.484198 0.212330 0.952477 -0.218409 104.407295 -0.435004 0.292268 0.851676 -10.977507 0.000000 0.000000 0.000000 1.000000
0.835748 -0.062125 0.545587 -12.242952 0.223177 0.946244 -0.234123 106.078865 -0.501714 0.317431 0.804687 -13.888029 0.000000 0.000000 0.000000 1.000000
0.806677 -0.047438 0.589086 -13.368944 0.218372 0.950158 -0.222518 107.520393 -0.549169 0.308140 0.776829 -16.874695 0.000000 0.000000 0.000000 1.000000
0.789657 -0.048180 0.611654 -13.610978 0.208931 0.958446 -0.194237 108.751495 -0.576879 0.281174 0.766910 -19.733173 0.000000 0.000000 0.000000 1.000000
0.784451 -0.058760 0.617401 -13.128443 0.198773 0.966807 -0.160540 110.152222 -0.587474 0.248659 0.770093 -22.092852 0.000000 0.000000 0.000000 1.000000
0.789664 -0.071949 0.609307 -12.154983 0.187255 0.973979 -0.127673 111.798294 -0.584266 0.214915 0.782589 -23.797222 0.000000 0.000000 0.000000 1.000000
0.803655 -0.082966 0.589284 -10.923166 0.172640 0.980153 -0.097445 113.489609 -0.569504 0.180046 0.802028 -24.780029 0.000000 0.000000 0.000000 1.000000
0.826118 -0.087550 0.556654 -9.782316 0.152705 0.985675 -0.071601 115.149277 -0.542411 0.144155 0.827653 -25.265106 0.000000 0.000000 0.000000 1.000000
0.856939 -0.082618 0.508752 -8.813427 0.126841 0.990517 -0.052797 116.616989 -0.499566 0.109775 0.859292 -25.643715 0.000000 0.000000 0.000000 1.000000
0.893458 -0.069078 0.443803 -7.828418 0.097526 0.994365 -0.041564 117.683716 -0.438431 0.080418 0.895160 -26.113842 0.000000 0.000000 0.000000 1.000000
0.930364 -0.052399 0.362872 -6.577971 0.069835 0.996941 -0.035089 118.159966 -0.359924 0.057986 0.931178 -26.585175 0.000000 0.000000 0.000000 1.000000
0.961821 -0.039141 0.270864 -5.010881 0.049175 0.998329 -0.030355 117.951561 -0.269224 0.042516 0.962139 -26.997213 0.000000 0.000000 0.000000 1.000000
0.983705 -0.032639 0.176801 -3.247420 0.038112 0.998891 -0.027648 117.154320 -0.175703 0.033936 0.983858 -27.516476 0.000000 0.000000 0.000000 1.000000
0.995267 -0.031440 0.091957 -1.393024 0.034317 0.998964 -0.029872 116.135429 -0.090923 0.032886 0.995315 -28.344608 0.000000 0.000000 0.000000 1.000000
0.999183 -0.031049 0.025863 0.441524 0.032030 0.998748 -0.038423 115.396759 -0.024637 0.039220 0.998927 -29.450285 0.000000 0.000000 0.000000 1.000000
0.999456 -0.027454 -0.018289 2.101060 0.026514 0.998407 -0.049800 115.292267 0.019627 0.049288 0.998592 -30.681652 0.000000 0.000000 0.000000 1.000000
0.998814 -0.019909 -0.044426 3.485909 0.017398 0.998267 -0.056211 115.793312 0.045468 0.055372 0.997430 -31.959511 0.000000 0.000000 0.000000 1.000000
0.998173 -0.011108 -0.059385 4.651444 0.008111 0.998692 -0.050485 116.639191 0.059868 0.049911 0.996958 -33.340408 0.000000 0.000000 0.000000 1.000000
0.997652 -0.004469 -0.068336 5.726631 0.002337 0.999509 -0.031247 117.705345 0.068443 0.031014 0.997173 -34.863636 0.000000 0.000000 0.000000 1.000000
0.997205 -0.001242 -0.074710 6.730040 0.000966 0.999993 -0.003730 119.097740 0.074714 0.003648 0.997198 -36.396397 0.000000 0.000000 0.000000 1.000000
0.996524 0.000205 -0.083304 7.555672 0.001777 0.999717 0.023711 120.956718 0.083285 -0.023777 0.996242 -37.724499 0.000000 0.000000 0.000000 1.000000
0.994903 0.003271 -0.100784 8.100332 0.001235 0.999004 0.044611 123.248505 0.100829 -0.044508 0.993908 -38.713146 0.000000 0.000000 0.000000 1.000000
0.991435 0.010416 -0.130188 8.315560 -0.002806 0.998283 0.058502 125.777878 0.130574 -0.057636 0.989762 -39.360672 0.000000 0.000000 0.000000 1.000000
0.985970 0.021510 -0.165532 8.161438 -0.009905 0.997454 0.070616 128.392380 0.166629 -0.067986 0.983673 -39.775974 0.000000 0.000000 0.000000 1.000000
0.979859 0.036772 -0.196276 7.610507 -0.020202 0.996111 0.085764 130.993683 0.198667 -0.080072 0.976791 -40.065685 0.000000 0.000000 0.000000 1.000000
0.975182 0.057091 -0.213918 6.746999 -0.035618 0.994051 0.102925 133.361069 0.218521 -0.092752 0.971414 -40.328102 0.000000 0.000000 0.000000 1.000000
0.972928 0.083156 -0.215632 5.722704 -0.058612 0.991303 0.117829 135.140671 0.223554 -0.102000 0.969340 -40.588631 0.000000 0.000000 0.000000 1.000000
0.973200 0.112778 -0.200407 4.599196 -0.087868 0.987726 0.129138 136.193130 0.212511 -0.108068 0.971164 -40.765701 0.000000 0.000000 0.000000 1.000000
0.973907 0.145010 -0.174576 3.357870 -0.121239 0.982712 0.139922 136.619049 0.191848 -0.115106 0.974651 -40.764080 0.000000 0.000000 0.000000 1.000000
0.972619 0.178272 -0.149100 1.983569 -0.155195 0.975760 0.154295 136.529129 0.172992 -0.126931 0.976710 -40.650551 0.000000 0.000000 0.000000 1.000000
0.969067 0.210305 -0.129154 0.526738 -0.186558 0.966819 0.174521 136.011627 0.161571 -0.145028 0.976146 -40.447212 0.000000 0.000000 0.000000 1.000000
0.964329 0.240276 -0.111068 -0.865488 -0.214916 0.955642 0.201392 135.246994 0.154531 -0.170338 0.973193 -40.043045 0.000000 0.000000 0.000000 1.000000
0.959570 0.267319 -0.088124 -1.990944 -0.240752 0.941694 0.235056 134.555618 0.145820 -0.204337 0.967979 -39.280735 0.000000 0.000000 0.000000 1.000000
0.956248 0.286610 -0.058684 -2.656141 -0.260695 0.925821 0.273668 134.307800 0.132767 -0.246396 0.960032 -38.109928 0.000000 0.000000 0.000000 1.000000
0.956554 0.289989 -0.030167 -2.709340 -0.266605 0.911886 0.312068 134.824142 0.118005 -0.290467 0.949581 -36.725296 0.000000 0.000000 0.000000 1.000000
0.962361 0.271423 -0.013802 -2.089262 -0.250439 0.905392 0.342850 136.336670 0.105553 -0.326489 0.939289 -35.488342 0.000000 0.000000 0.000000 1.000000
0.972937 0.230495 -0.016275 -0.856877 -0.209452 0.909471 0.359156 138.961899 0.097585 -0.346028 0.933136 -34.690262 0.000000 0.000000 0.000000 1.000000
0.984622 0.170773 -0.036822 0.838511 -0.146733 0.922819 0.356195 142.733124 0.094808 -0.345315 0.933686 -34.373981 0.000000 0.000000 0.000000 1.000000
0.992797 0.096920 -0.070427 2.782279 -0.068478 0.941412 0.330233 147.270432 0.098307 -0.323031 0.941269 -34.135330 0.000000 0.000000 0.000000 1.000000
0.993668 0.014178 -0.111461 4.766860 0.017368 0.960703 0.277035 152.483688 0.111009 -0.277217 0.954373 -33.915310 0.000000 0.000000 0.000000 1.000000
0.985463 -0.069423 -0.155060 6.642931 0.099162 0.976141 0.193175 158.101822 0.137949 -0.205743 0.968834 -33.674026 0.000000 0.000000 0.000000 1.000000
0.969627 -0.144939 -0.197019 8.350780 0.163464 0.983203 0.081183 163.935410 0.181943 -0.110923 0.977033 -33.382412 0.000000 0.000000 0.000000 1.000000
0.950576 -0.200577 -0.237010 9.853591 0.194924 0.979677 -0.047299 169.726929 0.241681 -0.001237 0.970355 -32.861263 0.000000 0.000000 0.000000 1.000000
0.933508 -0.230727 -0.274458 11.020933 0.186992 0.966394 -0.176400 175.205902 0.305935 0.113349 0.945281 -31.987089 0.000000 0.000000 0.000000 1.000000
0.921827 -0.239483 -0.304769 11.763737 0.147622 0.943951 -0.295234 180.191574 0.358390 0.227164 0.905512 -30.775988 0.000000 0.000000 0.000000 1.000000
0.916886 -0.236259 -0.321718 12.129477 0.094925 0.911949 -0.399173 184.603210 0.387698 0.335457 0.858579 -29.252645 0.000000 0.000000 0.000000 1.000000
0.918351 -0.227637 -0.323747 12.184172 0.045954 0.873827 -0.484061 188.412979 0.393089 0.429660 0.812941 -27.441673 0.000000 0.000000 0.000000 1.000000
0.924094 -0.214632 -0.316202 11.929953 0.007419 0.837314 -0.546671 191.671844 0.382094 0.502830 0.775349 -25.404919 0.000000 0.000000 0.000000 1.000000
0.931206 -0.197650 -0.306252 11.345028 -0.022646 0.807215 -0.589823 194.483871 0.363790 0.556182 0.747207 -23.231245 0.000000 0.000000 0.000000 1.000000
0.937718 -0.179166 -0.297633 10.462297 -0.047919 0.781850 -0.621622 196.927902 0.344078 0.597168 0.724569 -21.014881 0.000000 0.000000 0.000000 1.000000
0.943583 -0.163254 -0.288095 9.379359 -0.067396 0.757129 -0.649779 199.070480 0.324205 0.632537 0.703412 -18.821560 0.000000 0.000000 0.000000 1.000000
0.950017 -0.151562 -0.272942 8.206753 -0.078356 0.730520 -0.678381 200.987885 0.302206 0.665860 0.682131 -16.729328 0.000000 0.000000 0.000000 1.000000
0.958281 -0.141832 -0.248155 7.024153 -0.079780 0.700968 -0.708716 202.800644 0.274467 0.698947 0.660409 -14.860926 0.000000 0.000000 0.000000 1.000000
0.969473 -0.131031 -0.207251 5.793501 -0.067896 0.668734 -0.740395 204.578278 0.235610 0.731864 0.639423 -13.261923 0.000000 0.000000 0.000000 1.000000
0.983107 -0.117582 -0.140269 4.302239 -0.033824 0.636448 -0.770578 206.356171 0.179880 0.762305 0.621719 -11.867805 0.000000 0.000000 0.000000 1.000000
0.994004 -0.099423 -0.045515 2.379729 0.024472 0.607965 -0.793586 207.484772 0.106572 0.787714 0.606753 -10.608994 0.000000 0.000000 0.000000 1.000000
0.994851 -0.078667 0.063895 0.299064 0.098011 0.586411 -0.804062 208.397583 0.025784 0.806184 0.591102 -9.642751 0.000000 0.000000 0.000000 1.000000
0.984375 -0.064037 0.164025 -1.582816 0.170796 0.573799 -0.800989 209.377045 -0.042824 0.816489 0.575771 -8.831791 0.000000 0.000000 0.000000 1.000000
0.969693 -0.064472 0.235667 -3.096990 0.229505 0.571194 -0.788077 210.412766 -0.083803 0.818279 0.568679 -7.971624 0.000000 0.000000 0.000000 1.000000
0.957453 -0.079251 0.277493 -4.041691 0.270823 0.578900 -0.769110 211.368210 -0.099687 0.811538 0.575733 -6.988531 0.000000 0.000000 0.000000 1.000000
0.946759 -0.099508 0.306179 -4.565185 0.303071 0.596305 -0.743350 212.306396 -0.108607 0.796567 0.594715 -5.603739 0.000000 0.000000 0.000000 1.000000
0.932236 -0.118024 0.342062 -5.004879 0.338257 0.619997 -0.707945 213.339050 -0.128523 0.775676 0.617906 -3.688219 0.000000 0.000000 0.000000 1.000000
0.911086 -0.131483 0.390686 -5.800358 0.378483 0.642326 -0.666459 214.433838 -0.163320 0.755069 0.634978 -1.547805 0.000000 0.000000 0.000000 1.000000
0.889372 -0.134769 0.436869 -6.873004 0.410497 0.656075 -0.633292 215.280045 -0.201270 0.742565 0.638817 0.352880 0.000000 0.000000 0.000000 1.000000
0.880300 -0.125283 0.457576 -7.835283 0.418762 0.658472 -0.625342 215.873520 -0.222956 0.742104 0.632117 1.701129 0.000000 0.000000 0.000000 1.000000
0.890160 -0.111532 0.441787 -8.400496 0.402173 0.648067 -0.646734 216.258224 -0.214176 0.753372 0.621739 2.656835 0.000000 0.000000 0.000000 1.000000
0.910676 -0.106716 0.399101 -8.639790 0.373935 0.623603 -0.686507 216.531754 -0.175619 0.774423 0.607805 3.452864 0.000000 0.000000 0.000000 1.000000
0.928736 -0.116601 0.351928 -8.752757 0.350639 0.584588 -0.731648 216.951492 -0.120422 0.802908 0.583813 4.174564 0.000000 0.000000 0.000000 1.000000
0.938710 -0.137335 0.316168 -8.765606 0.339234 0.530851 -0.776606 217.768341 -0.061183 0.836263 0.544904 4.863953 0.000000 0.000000 0.000000 1.000000
0.942869 -0.163860 0.290082 -8.594284 0.333163 0.465129 -0.820157 219.103119 -0.000534 0.869945 0.493148 5.588450 0.000000 0.000000 0.000000 1.000000
0.944559 -0.193750 0.265082 -8.293634 0.322504 0.395913 -0.859793 221.062851 0.061636 0.897615 0.436449 6.420563 0.000000 0.000000 0.000000 1.000000
0.944755 -0.221974 0.241176 -7.995988 0.305825 0.332204 -0.892251 223.623825 0.117937 0.916716 0.381737 7.473372 0.000000 0.000000 0.000000 1.000000
0.944036 -0.240189 0.226063 -7.757155 0.289792 0.276646 -0.916235 226.580261 0.157531 0.930471 0.330769 8.840080 0.000000 0.000000 0.000000 1.000000
0.943897 -0.244121 0.222405 -7.608419 0.278452 0.226249 -0.933422 228.394989 0.177549 0.942983 0.281532 10.215040 0.000000 0.000000 0.000000 1.000000
0.945928 -0.236483 0.222028 -7.570018 0.266798 0.177889 -0.947193 229.611633 0.184499 0.955213 0.231364 11.377798 0.000000 0.000000 0.000000 1.000000
0.949721 -0.224833 0.217900 -7.592214 0.251434 0.132949 -0.958700 231.044449 0.186578 0.965285 0.182796 12.401924 0.000000 0.000000 0.000000 1.000000
0.954196 -0.213713 0.209371 -7.578960 0.234246 0.098332 -0.967192 232.727661 0.186113 0.971935 0.143889 13.296811 0.000000 0.000000 0.000000 1.000000
0.956401 -0.206687 0.206345 -7.423234 0.226541 0.079092 -0.970785 234.373566 0.184328 0.975205 0.122466 13.913159 0.000000 0.000000 0.000000 1.000000
0.956308 -0.201526 0.211809 -7.060957 0.230726 0.075263 -0.970104 235.823074 0.179559 0.976587 0.118472 14.283997 0.000000 0.000000 0.000000 1.000000
0.956910 -0.192706 0.217226 -6.528872 0.236391 0.082495 -0.968150 236.992493 0.168649 0.977783 0.124494 14.696278 0.000000 0.000000 0.000000 1.000000
0.960277 -0.177101 0.215646 -5.966770 0.234566 0.093701 -0.967574 237.926865 0.151152 0.979722 0.131521 15.403525 0.000000 0.000000 0.000000 1.000000
0.965089 -0.157856 0.209011 -5.515258 0.226801 0.104481 -0.968321 238.615723 0.131017 0.981919 0.136636 16.395782 0.000000 0.000000 0.000000 1.000000
0.968063 -0.141955 0.206648 -5.267282 0.223897 0.118645 -0.967364 238.815277 0.112805 0.982737 0.146639 17.515020 0.000000 0.000000 0.000000 1.000000
0.967573 -0.133978 0.214133 -5.274457 0.232631 0.142359 -0.962090 238.230011 0.098415 0.980706 0.168911 18.695404 0.000000 0.000000 0.000000 1.000000
0.965796 -0.132555 0.222861 -5.499516 0.243962 0.173270 -0.954180 236.841553 0.087867 0.975913 0.199682 19.954102 0.000000 0.000000 0.000000 1.000000
0.967789 -0.132420 0.214123 -5.786368 0.237678 0.200079 -0.950515 235.014084 0.083026 0.970790 0.225107 21.245195 0.000000 0.000000 0.000000 1.000000
0.975377 -0.130072 0.178105 -5.923403 0.202802 0.211619 -0.956080 233.206390 0.086669 0.968658 0.232787 22.477615 0.000000 0.000000 0.000000 1.000000
0.983400 -0.127690 0.128918 -5.741709 0.153416 0.205722 -0.966510 231.657608 0.096892 0.970244 0.221896 23.607742 0.000000 0.000000 0.000000 1.000000
0.987582 -0.128781 0.089982 -5.193574 0.114215 0.195269 -0.974076 230.445343 0.107872 0.972258 0.207553 24.593138 0.000000 0.000000 0.000000 1.000000
0.989043 -0.131992 0.066125 -4.404294 0.091454 0.196188 -0.976292 229.636749 0.115890 0.971642 0.206110 25.418154 0.000000 0.000000 0.000000 1.000000
0.990032 -0.133772 0.044074 -3.583252 0.071677 0.209161 -0.975251 229.199600 0.121243 0.968688 0.216664 26.157370 0.000000 0.000000 0.000000 1.000000
0.991074 -0.132837 0.011221 -2.841017 0.040988 0.223545 -0.973831 229.043365 0.126853 0.965599 0.226995 26.865101 0.000000 0.000000 0.000000 1.000000
0.990987 -0.130925 -0.028344 -2.161700 0.002703 0.231083 -0.972930 229.035583 0.133931 0.964085 0.229354 27.513542 0.000000 0.000000 0.000000 1.000000
0.989838 -0.129775 -0.058134 -1.550626 -0.026281 0.234821 -0.971683 228.999908 0.139751 0.963337 0.229024 28.078526 0.000000 0.000000 0.000000 1.000000
0.989418 -0.128270 -0.067809 -1.080655 -0.035131 0.241655 -0.969726 228.779846 0.140773 0.961847 0.234592 28.569981 0.000000 0.000000 0.000000 1.000000
0.990421 -0.124220 -0.060299 -0.777927 -0.027603 0.249763 -0.967914 228.345383 0.135295 0.960306 0.243941 29.002253 0.000000 0.000000 0.000000 1.000000
0.992087 -0.116144 -0.047683 -0.565560 -0.016674 0.254541 -0.966918 227.763031 0.124439 0.960062 0.250591 29.384790 0.000000 0.000000 0.000000 1.000000
0.993744 -0.104020 -0.040656 -0.385018 -0.012344 0.259509 -0.965662 227.103638 0.110998 0.960122 0.256602 29.740747 0.000000 0.000000 0.000000 1.000000
0.995121 -0.089572 -0.041373 -0.290900 -0.015506 0.272138 -0.962133 226.415665 0.097439 0.958080 0.269421 30.093103 0.000000 0.000000 0.000000 1.000000
0.996123 -0.075082 -0.045853 -0.341350 -0.021878 0.293414 -0.955735 225.736496 0.085213 0.953032 0.290633 30.417650 0.000000 0.000000 0.000000 1.000000
0.996848 -0.062241 -0.049198 -0.497910 -0.027006 0.316882 -0.948080 225.090881 0.074600 0.946420 0.314203 30.630625 0.000000 0.000000 0.000000 1.000000
0.997454 -0.051733 -0.049079 -0.701949 -0.028906 0.335831 -0.941478 224.508774 0.065188 0.940500 0.333481 30.677809 0.000000 0.000000 0.000000 1.000000</float_array><technique_common><accessor source="#Hips-Matrix-animation-output-transform-array" count="116" stride="16"><param type="float4x4"/></accessor></technique_common></source><source id="Hips-Interpolations"><Name_array id="Hips-Interpolations-array" count="116">
 LINEAR LINEAR LINEAR LINEAR LINEAR LINEAR LINEAR LINEAR LINEAR LINEAR LINEAR
LINEAR LINEAR LINEAR LINEAR LINEAR LINEAR LINEAR LINEAR LINEAR LINEAR LINEAR LINEAR
LINEAR LINEAR LINEAR LINEAR LINEAR LINEAR LINEAR LINEAR LINEAR LINEAR LINEAR LINEAR
LINEAR LINEAR LINEAR LINEAR LINEAR LINEAR LINEAR LINEAR LINEAR LINEAR LINEAR LINEAR
LINEAR LINEAR LINEAR LINEAR LINEAR LINEAR LINEAR LINEAR LINEAR LINEAR LINEAR LINEAR
LINEAR LINEAR LINEAR LINEAR LINEAR LINEAR LINEAR LINEAR LINEAR LINEAR LINEAR LINEAR
LINEAR LINEAR LINEAR LINEAR LINEAR LINEAR LINEAR LINEAR LINEAR LINEAR LINEAR LINEAR
LINEAR LINEAR LINEAR LINEAR LINEAR LINEAR LINEAR LINEAR LINEAR LINEAR LINEAR LINEAR
LINEAR LINEAR LINEAR LINEAR LINEAR LINEAR LINEAR LINEAR LINEAR LINEAR LINEAR LINEAR
LINEAR LINEAR LINEAR LINEAR LINEAR LINEAR LINEAR LINEAR LINEAR</Name_array><technique_common><accessor source="#Hips-Interpolations-array" count="116"><param type="name"/></accessor></technique_common></source><sampler id="Hips-Matrix-animation-transform"><input semantic="INPUT" source="#Hips-Matrix-animation-input"/><input semantic="OUTPUT" source="#Hips-Matrix-animation-output-transform"/><input semantic="INTERPOLATION" source="#Hips-Interpolations"/></sampler><channel source="#Hips-Matrix-animation-transform" target="Hips/matrix"/></animation>
    <animation id="Spine-anim" name="Spine"><source id="Spine-Matrix-animation-input"><float_array id="Spine-Matrix-animation-input-array" count="116">

0.000000 0.033333 0.066667 0.100000 0.133333 0.166667 0.200000 0.233333 0.266667 0.300000 0.333333 0.366667 0.400000 0.433333 0.466667 0.500000
0.533333 0.566667 0.600000 0.633333 0.666667 0.700000 0.733333 0.766667 0.800000 0.833333 0.866667 0.900000 0.933333 0.966667 1.000000 1.033333
1.066667 1.100000 1.133333 1.166667 1.200000 1.233333 1.266667 1.300000 1.333333 1.366667 1.400000 1.433333 1.466667 1.500000 1.533333 1.566667
1.600000 1.633333 1.666667 1.700000 1.733333 1.766667 1.800000 1.833333 1.866667 1.900000 1.933333 1.966667 2.000000 2.033333 2.066667 2.100000
2.133333 2.166667 2.200000 2.233333 2.266667 2.300000 2.333333 2.366667 2.400000 2.433333 2.466667 2.500000 2.533333 2.566667 2.600000 2.633333
2.666667 2.700000 2.733333 2.766667 2.800000 2.833333 2.866667 2.900000 2.933333 2.966667 3.000000 3.033333 3.066667 3.100000 3.133333 3.166667
3.200000 3.233333 3.266667 3.300000 3.333333 3.366667 3.400000 3.433333 3.466667 3.500000 3.533333 3.566667 3.600000 3.633333 3.666667 3.700000
3.733333 3.766667 3.800000 3.833333</float_array><technique_common><accessor source="#Spine-Matrix-animation-input-array" count="116"><param name="TIME" type="float"/></accessor></technique_common></source><source id="Spine-Matrix-animation-output-transform"><float_array id="Spine-Matrix-animation-output-transform-array" count="1856">

0.999956 0.009055 0.002367 0.009000 -0.009062 0.999955 0.002968 7.062600 -0.002340 -0.002989 0.999993 -0.984700 0.000000 0.000000 0.000000 1.000000
0.999909 0.013475 0.001084 0.009000 -0.013478 0.999904 0.003098 7.062600 -0.001042 -0.003112 0.999995 -0.984700 0.000000 0.000000 0.000000 1.000000
0.999841 0.017647 -0.002720 0.009000 -0.017634 0.999834 0.004577 7.062600 0.002800 -0.004528 0.999986 -0.984700 0.000000 0.000000 0.000000 1.000000
0.999699 0.022929 -0.008769 0.009000 -0.022869 0.999714 0.006952 7.062600 0.008926 -0.006749 0.999937 -0.984700 0.000000 0.000000 0.000000 1.000000
0.999368 0.031124 -0.017167 0.009000 -0.030964 0.999476 0.009473 7.062600 0.017453 -0.008935 0.999808 -0.984700 0.000000 0.000000 0.000000 1.000000
0.998659 0.043051 -0.028739 0.009000 -0.042738 0.999021 0.011418 7.062600 0.029202 -0.010175 0.999522 -0.984700 0.000000 0.000000 0.000000 1.000000
0.997399 0.057043 -0.044057 0.009000 -0.056532 0.998319 0.012746 7.062600 0.044710 -0.010222 0.998948 -0.984700 0.000000 0.000000 0.000000 1.000000
0.995405 0.073907 -0.060880 0.009000 -0.073130 0.997211 0.014900 7.062600 0.061812 -0.010379 0.998034 -0.984700 0.000000 0.000000 0.000000 1.000000
0.992642 0.095380 -0.074596 0.009000 -0.094113 0.995354 0.020330 7.062600 0.076189 -0.013160 0.997007 -0.984700 0.000000 0.000000 0.000000 1.000000
0.989368 0.119416 -0.083007 0.009000 -0.117302 0.992646 0.029907 7.062600 0.085968 -0.019852 0.996100 -0.984700 0.000000 0.000000 0.000000 1.000000
0.985665 0.143829 -0.088192 0.009000 -0.140627 0.989191 0.041538 7.062600 0.093214 -0.028540 0.995237 -0.984700 0.000000 0.000000 0.000000 1.000000
0.981270 0.168396 -0.093546 0.009000 -0.164127 0.985086 0.051651 7.062600 0.100849 -0.035330 0.994274 -0.984700 0.000000 0.000000 0.000000 1.000000
0.976098 0.192342 -0.101180 0.009000 -0.187308 0.980635 0.057186 7.062600 0.110220 -0.036867 0.993223 -0.984700 0.000000 0.000000 0.000000 1.000000
0.970624 0.213441 -0.111052 0.009000 -0.208324 0.976459 0.055941 7.062600 0.120378 -0.031162 0.992239 -0.984700 0.000000 0.000000 0.000000 1.000000
0.965684 0.229865 -0.120900 0.009000 -0.225863 0.973072 0.046010 7.062600 0.128221 -0.017124 0.991598 -0.984700 0.000000 0.000000 0.000000 1.000000
0.962156 0.240547 -0.128032 0.009000 -0.239153 0.970623 0.026380 7.062600 0.130616 0.005238 0.991419 -0.984700 0.000000 0.000000 0.000000 1.000000
0.961522 0.241985 -0.130072 0.009000 -0.244252 0.969711 -0.001522 7.062600 0.125764 0.033234 0.991503 -0.984700 0.000000 0.000000 0.000000 1.000000
0.964336 0.233285 -0.125040 0.009000 -0.238980 0.970482 -0.032453 7.062600 0.113778 0.061177 0.991621 -0.984700 0.000000 0.000000 0.000000 1.000000
0.970904 0.211547 -0.112222 0.009000 -0.219188 0.973795 -0.060662 7.062600 0.096448 0.083495 0.991830 -0.984700 0.000000 0.000000 0.000000 1.000000
0.979581 0.178182 -0.093127 0.009000 -0.185977 0.979040 -0.083023 7.062600 0.076382 0.098647 0.992187 -0.984700 0.000000 0.000000 0.000000 1.000000
0.987663 0.139009 -0.072095 0.009000 -0.145816 0.984263 -0.099816 7.062600 0.057085 0.109098 0.992391 -0.984700 0.000000 0.000000 0.000000 1.000000
0.993630 0.099494 -0.052923 0.009000 -0.104928 0.988107 -0.112406 7.062600 0.041110 0.117243 0.992252 -0.984700 0.000000 0.000000 0.000000 1.000000
0.997293 0.063673 -0.036764 0.009000 -0.067689 0.990345 -0.120971 7.062600 0.028706 0.123133 0.991975 -0.984700 0.000000 0.000000 0.000000 1.000000
0.999082 0.035779 -0.023548 0.009000 -0.038461 0.991341 -0.125557 7.062600 0.018851 0.126347 0.991807 -0.984700 0.000000 0.000000 0.000000 1.000000
0.999698 0.020384 -0.013696 0.009000 -0.021974 0.991496 -0.128268 7.062600 0.010965 0.128530 0.991645 -0.984700 0.000000 0.000000 0.000000 1.000000
0.999793 0.018652 -0.008145 0.009000 -0.019566 0.990998 -0.132438 7.062600 0.005601 0.132570 0.991158 -0.984700 0.000000 0.000000 0.000000 1.000000
0.999655 0.025466 -0.006466 0.009000 -0.026119 0.989932 -0.139111 7.062600 0.002859 0.139232 0.990256 -0.984700 0.000000 0.000000 0.000000 1.000000
0.999434 0.033147 -0.005770 0.009000 -0.033634 0.988731 -0.145876 7.062600 0.000870 0.145987 0.989286 -0.984700 0.000000 0.000000 0.000000 1.000000
0.999295 0.037395 -0.003306 0.009000 -0.037468 0.987957 -0.150127 7.062600 -0.002347 0.150145 0.988661 -0.984700 0.000000 0.000000 0.000000 1.000000
0.999260 0.038460 0.000802 0.009000 -0.037889 0.987598 -0.152366 7.062600 -0.006652 0.152223 0.988324 -0.984700 0.000000 0.000000 0.000000 1.000000
0.999264 0.038113 0.004319 0.009000 -0.036979 0.987159 -0.155401 7.062600 -0.010186 0.155127 0.987842 -0.984700 0.000000 0.000000 0.000000 1.000000
0.999300 0.036949 0.005913 0.009000 -0.035513 0.986275 -0.161244 7.062600 -0.011790 0.160921 0.986897 -0.984700 0.000000 0.000000 0.000000 1.000000
0.999391 0.034328 0.006193 0.009000 -0.032778 0.984920 -0.169874 7.062600 -0.011931 0.169568 0.985446 -0.984700 0.000000 0.000000 0.000000 1.000000
0.999528 0.030130 0.005924 0.009000 -0.028568 0.983182 -0.180378 7.062600 -0.011259 0.180123 0.983580 -0.984700 0.000000 0.000000 0.000000 1.000000
0.999664 0.025460 0.004924 0.009000 -0.024043 0.981125 -0.191873 7.062600 -0.009716 0.191691 0.981407 -0.984700 0.000000 0.000000 0.000000 1.000000
0.999773 0.021050 0.003436 0.009000 -0.019910 0.978882 -0.203454 7.062600 -0.007646 0.203339 0.979079 -0.984700 0.000000 0.000000 0.000000 1.000000
0.999863 0.016387 0.002299 0.009000 -0.015511 0.976551 -0.214725 7.062600 -0.005764 0.214660 0.976672 -0.984700 0.000000 0.000000 0.000000 1.000000
0.999939 0.011015 0.001275 0.009000 -0.010438 0.973884 -0.226805 7.062600 -0.003740 0.226777 0.973939 -0.984700 0.000000 0.000000 0.000000 1.000000
0.999989 0.004569 0.001268 0.009000 -0.004128 0.970412 -0.241420 7.062600 -0.002333 0.241412 0.970420 -0.984700 0.000000 0.000000 0.000000 1.000000
0.999989 -0.002513 0.004055 0.009000 0.003475 0.966035 -0.258388 7.062600 -0.003268 0.258399 0.966033 -0.984700 0.000000 0.000000 0.000000 1.000000
0.999908 -0.008784 0.010321 0.009000 0.011284 0.961371 -0.275026 7.062600 -0.007507 0.275117 0.961381 -0.984700 0.000000 0.000000 0.000000 1.000000
0.999835 -0.011439 0.014079 0.009000 0.015017 0.957332 -0.288600 7.062600 -0.010177 0.288764 0.957346 -0.984700 0.000000 0.000000 0.000000 1.000000
0.999864 -0.010865 0.012430 0.009000 0.014080 0.954338 -0.298398 7.062600 -0.008620 0.298532 0.954361 -0.984700 0.000000 0.000000 0.000000 1.000000
0.999925 -0.009495 0.007757 0.009000 0.011410 0.952186 -0.305305 7.062600 -0.004488 0.305371 0.952223 -0.984700 0.000000 0.000000 0.000000 1.000000
0.999945 -0.010165 0.002547 0.009000 0.010453 0.950523 -0.310477 7.062600 0.000735 0.310487 0.950577 -0.984700 0.000000 0.000000 0.000000 1.000000
0.999899 -0.014109 -0.001746 0.009000 0.012842 0.949067 -0.314814 7.062600 0.006099 0.314759 0.949152 -0.984700 0.000000 0.000000 0.000000 1.000000
0.999800 -0.019551 -0.004192 0.009000 0.017195 0.947662 -0.318812 7.062600 0.010205 0.318677 0.947809 -0.984700 0.000000 0.000000 0.000000 1.000000
0.999721 -0.023102 -0.004953 0.009000 0.020279 0.946570 -0.321861 7.062600 0.012124 0.321671 0.946774 -0.984700 0.000000 0.000000 0.000000 1.000000
0.999722 -0.023127 -0.004627 0.009000 0.020400 0.946372 -0.322435 7.062600 0.011836 0.322251 0.946580 -0.984700 0.000000 0.000000 0.000000 1.000000
0.999768 -0.021194 -0.003901 0.009000 0.018829 0.947136 -0.320280 7.062600 0.010483 0.320133 0.947315 -0.984700 0.000000 0.000000 0.000000 1.000000
0.999798 -0.019854 -0.003114 0.009000 0.017838 0.948092 -0.317495 7.062600 0.009256 0.317376 0.948255 -0.984700 0.000000 0.000000 0.000000 1.000000
0.999804 -0.019704 -0.001797 0.009000 0.018120 0.948324 -0.316785 7.062600 0.007946 0.316691 0.948496 -0.984700 0.000000 0.000000 0.000000 1.000000
0.999819 -0.018995 0.000526 0.009000 0.018169 0.947494 -0.319258 7.062600 0.005566 0.319210 0.947668 -0.984700 0.000000 0.000000 0.000000 1.000000
0.999868 -0.015991 0.002769 0.009000 0.016026 0.946044 -0.323641 7.062600 0.002556 0.323643 0.946176 -0.984700 0.000000 0.000000 0.000000 1.000000
0.999924 -0.011904 0.003208 0.009000 0.012299 0.944884 -0.327174 7.062600 0.000863 0.327189 0.944959 -0.984700 0.000000 0.000000 0.000000 1.000000
0.999968 -0.007998 0.000369 0.009000 0.007678 0.944824 -0.327488 7.062600 0.002270 0.327481 0.944855 -0.984700 0.000000 0.000000 0.000000 1.000000
0.999975 -0.006627 -0.002355 0.009000 0.005506 0.945987 -0.324157 7.062600 0.004376 0.324136 0.946000 -0.984700 0.000000 0.000000 0.000000 1.000000
0.999966 -0.007990 -0.002195 0.009000 0.006873 0.947747 -0.318950 7.062600 0.004628 0.318924 0.947769 -0.984700 0.000000 0.000000 0.000000 1.000000
0.999935 -0.011376 0.000649 0.009000 0.011003 0.949213 -0.314442 7.062600 0.002961 0.314428 0.949277 -0.984700 0.000000 0.000000 0.000000 1.000000
0.999857 -0.016162 0.004902 0.009000 0.016884 0.949938 -0.311983 7.062600 0.000386 0.312021 0.950075 -0.984700 0.000000 0.000000 0.000000 1.000000
0.999719 -0.021658 0.009601 0.009000 0.023570 0.950184 -0.310798 7.062600 -0.002392 0.310937 0.950428 -0.984700 0.000000 0.000000 0.000000 1.000000
0.999542 -0.026919 0.013823 0.009000 0.029875 0.950514 -0.309243 7.062600 -0.004815 0.309514 0.950883 -0.984700 0.000000 0.000000 0.000000 1.000000
0.999406 -0.030411 0.016187 0.009000 0.033912 0.951190 -0.306738 7.062600 -0.006069 0.307104 0.951656 -0.984700 0.000000 0.000000 0.000000 1.000000
0.999373 -0.031281 0.016569 0.009000 0.034839 0.952057 -0.303932 7.062600 -0.006268 0.304319 0.952550 -0.984700 0.000000 0.000000 0.000000 1.000000
0.999454 -0.029389 0.015102 0.009000 0.032575 0.952996 -0.301226 7.062600 -0.005539 0.301554 0.953433 -0.984700 0.000000 0.000000 0.000000 1.000000
0.999586 -0.025868 0.012616 0.009000 0.028453 0.954155 -0.297956 7.062600 -0.004330 0.298192 0.954496 -0.984700 0.000000 0.000000 0.000000 1.000000
0.999669 -0.023223 0.011073 0.009000 0.025450 0.955666 -0.293350 7.062600 -0.003770 0.293534 0.955941 -0.984700 0.000000 0.000000 0.000000 1.000000
0.999655 -0.023637 0.011433 0.009000 0.025927 0.957437 -0.287476 7.062600 -0.004151 0.287674 0.957720 -0.984700 0.000000 0.000000 0.000000 1.000000
0.999580 -0.026451 0.011831 0.009000 0.028709 0.959349 -0.280757 7.062600 -0.003924 0.280979 0.959706 -0.984700 0.000000 0.000000 0.000000 1.000000
0.999504 -0.029233 0.011723 0.009000 0.031325 0.961337 -0.273586 7.062600 -0.003272 0.273818 0.961776 -0.984700 0.000000 0.000000 0.000000 1.000000
0.999514 -0.029523 0.009991 0.009000 0.031120 0.963071 -0.267442 7.062600 -0.001727 0.267623 0.963522 -0.984700 0.000000 0.000000 0.000000 1.000000
0.999619 -0.027107 0.005186 0.009000 0.027512 0.963793 -0.265230 7.062600 0.002192 0.265272 0.964171 -0.984700 0.000000 0.000000 0.000000 1.000000
0.999721 -0.023342 -0.003634 0.009000 0.021504 0.962892 -0.269028 7.062600 0.009779 0.268875 0.963125 -0.984700 0.000000 0.000000 0.000000 1.000000
0.999730 -0.018779 -0.013703 0.009000 0.014232 0.960488 -0.277957 7.062600 0.018382 0.277687 0.960496 -0.984700 0.000000 0.000000 0.000000 1.000000
0.999741 -0.011993 -0.019343 0.009000 0.005891 0.957291 -0.289066 7.062600 0.021983 0.288877 0.957114 -0.984700 0.000000 0.000000 0.000000 1.000000
0.999834 -0.002032 -0.018098 0.009000 -0.003483 0.954072 -0.299557 7.062600 0.017876 0.299571 0.953907 -0.984700 0.000000 0.000000 0.000000 1.000000
0.999888 0.008514 -0.012344 0.009000 -0.011899 0.951440 -0.307605 7.062600 0.009126 0.307717 0.951434 -0.984700 0.000000 0.000000 0.000000 1.000000
0.999887 0.014506 -0.004036 0.009000 -0.015041 0.949854 -0.312332 7.062600 -0.000697 0.312358 0.949964 -0.984700 0.000000 0.000000 0.000000 1.000000
0.999875 0.014341 0.006637 0.009000 -0.011528 0.949240 -0.314340 7.062600 -0.010808 0.314224 0.949287 -0.984700 0.000000 0.000000 0.000000 1.000000
0.999803 0.010897 0.016580 0.009000 -0.005104 0.948817 -0.315786 7.062600 -0.019172 0.315639 0.948686 -0.984700 0.000000 0.000000 0.000000 1.000000
0.999756 0.005493 0.021384 0.009000 0.001605 0.947901 -0.318560 7.062600 -0.022020 0.318517 0.947662 -0.984700 0.000000 0.000000 0.000000 1.000000
0.999792 -0.001567 0.020311 0.009000 0.008031 0.946611 -0.322279 7.062600 -0.018722 0.322375 0.946427 -0.984700 0.000000 0.000000 0.000000 1.000000
0.999827 -0.007344 0.017073 0.009000 0.012504 0.945422 -0.325607 7.062600 -0.013750 0.325764 0.945351 -0.984700 0.000000 0.000000 0.000000 1.000000
0.999844 -0.008289 0.015627 0.009000 0.012973 0.944167 -0.329211 7.062600 -0.012026 0.329362 0.944127 -0.984700 0.000000 0.000000 0.000000 1.000000
0.999842 -0.005959 0.016747 0.009000 0.011231 0.942042 -0.335306 7.062600 -0.013778 0.335441 0.941960 -0.984700 0.000000 0.000000 0.000000 1.000000
0.999803 -0.006567 0.018727 0.009000 0.012613 0.938834 -0.344139 7.062600 -0.015322 0.344307 0.938732 -0.984700 0.000000 0.000000 0.000000 1.000000
0.999728 -0.013637 0.018906 0.009000 0.019434 0.935464 -0.352886 7.062600 -0.012874 0.353158 0.935475 -0.984700 0.000000 0.000000 0.000000 1.000000
0.999603 -0.023192 0.016027 0.009000 0.027398 0.933108 -0.358552 7.062600 -0.006640 0.358848 0.933372 -0.984700 0.000000 0.000000 0.000000 1.000000
0.999531 -0.027885 0.012648 0.009000 0.030570 0.932231 -0.360569 7.062600 -0.001736 0.360787 0.932647 -0.984700 0.000000 0.000000 0.000000 1.000000
0.999652 -0.024445 0.009921 0.009000 0.026378 0.932501 -0.360202 7.062600 -0.000446 0.360338 0.932822 -0.984700 0.000000 0.000000 0.000000 1.000000
0.999788 -0.017189 0.011375 0.009000 0.020125 0.933282 -0.358580 7.062600 -0.004452 0.358733 0.933430 -0.984700 0.000000 0.000000 0.000000 1.000000
0.999844 -0.011315 0.013556 0.009000 0.015403 0.934278 -0.356214 7.062600 -0.008635 0.356367 0.934306 -0.984700 0.000000 0.000000 0.000000 1.000000
0.999859 -0.010748 0.012921 0.009000 0.014625 0.935236 -0.353722 7.062600 -0.008282 0.353861 0.935261 -0.984700 0.000000 0.000000 0.000000 1.000000
0.999830 -0.016662 0.007861 0.009000 0.018362 0.935990 -0.351547 7.062600 -0.001501 0.351631 0.936137 -0.984700 0.000000 0.000000 0.000000 1.000000
0.999628 -0.027231 -0.001421 0.009000 0.025026 0.936883 -0.348746 7.062600 0.010828 0.348580 0.937216 -0.984700 0.000000 0.000000 0.000000 1.000000
0.999263 -0.037127 -0.009715 0.009000 0.031531 0.938568 -0.343650 7.062600 0.021877 0.343091 0.939048 -0.984700 0.000000 0.000000 0.000000 1.000000
0.999040 -0.042142 -0.011956 0.009000 0.035659 0.940911 -0.336772 7.062600 0.025442 0.336023 0.941510 -0.984700 0.000000 0.000000 0.000000 1.000000
0.999034 -0.043087 -0.008603 0.009000 0.037793 0.942556 -0.331905 7.062600 0.022410 0.331259 0.943274 -0.984700 0.000000 0.000000 0.000000 1.000000
0.999024 -0.043932 -0.004574 0.009000 0.039910 0.942196 -0.332676 7.062600 0.018925 0.332169 0.943030 -0.984700 0.000000 0.000000 0.000000 1.000000
0.998913 -0.046397 -0.004519 0.009000 0.042132 0.940056 -0.338408 7.062600 0.019950 0.337850 0.940989 -0.984700 0.000000 0.000000 0.000000 1.000000
0.998805 -0.048007 -0.009203 0.009000 0.041896 0.937759 -0.344750 7.062600 0.025181 0.343952 0.938649 -0.984700 0.000000 0.000000 0.000000 1.000000
0.998830 -0.045608 -0.016090 0.009000 0.037170 0.936785 -0.347925 7.062600 0.030941 0.346920 0.937384 -0.984700 0.000000 0.000000 0.000000 1.000000
0.998978 -0.039151 -0.022583 0.009000 0.028882 0.937301 -0.347321 7.062600 0.034765 0.346314 0.937474 -0.984700 0.000000 0.000000 0.000000 1.000000
0.999125 -0.031339 -0.027683 0.009000 0.019888 0.938513 -0.344672 7.062600 0.036783 0.343820 0.938315 -0.984700 0.000000 0.000000 0.000000 1.000000
0.999197 -0.024382 -0.031783 0.009000 0.012051 0.939628 -0.341986 7.062600 0.038203 0.341329 0.939167 -0.984700 0.000000 0.000000 0.000000 1.000000
0.999193 -0.018245 -0.035788 0.009000 0.004989 0.940369 -0.340119 7.062600 0.039859 0.339666 0.939701 -0.984700 0.000000 0.000000 0.000000 1.000000
0.999138 -0.011856 -0.039783 0.009000 -0.002318 0.940915 -0.338635 7.062600 0.041447 0.338436 0.940076 -0.984700 0.000000 0.000000 0.000000 1.000000
0.999083 -0.004948 -0.042525 0.009000 -0.009658 0.941647 -0.336464 7.062600 0.041709 0.336566 0.940736 -0.984700 0.000000 0.000000 0.000000 1.000000
0.999090 0.001757 -0.042618 0.009000 -0.015838 0.943000 -0.332415 7.062600 0.039605 0.332788 0.942170 -0.984700 0.000000 0.000000 0.000000 1.000000
0.999165 0.007566 -0.040142 0.009000 -0.020248 0.945206 -0.325845 7.062600 0.035478 0.326386 0.944570 -0.984700 0.000000 0.000000 0.000000 1.000000
0.999247 0.012244 -0.036819 0.009000 -0.023331 0.947799 -0.318014 7.062600 0.031003 0.318634 0.947371 -0.984700 0.000000 0.000000 0.000000 1.000000
0.999282 0.015621 -0.034507 0.009000 -0.025633 0.949590 -0.312446 7.062600 0.027887 0.313106 0.949309 -0.984700 0.000000 0.000000 0.000000 1.000000
0.999281 0.017452 -0.033669 0.009000 -0.027103 0.949636 -0.312180 7.062600 0.026525 0.312868 0.949426 -0.984700 0.000000 0.000000 0.000000 1.000000
0.999282 0.017904 -0.033405 0.009000 -0.027566 0.948228 -0.316392 7.062600 0.026011 0.317086 0.948040 -0.984700 0.000000 0.000000 0.000000 1.000000
0.999303 0.017757 -0.032835 0.009000 -0.027377 0.946586 -0.321287 7.062600 0.025376 0.321962 0.946413 -0.984700 0.000000 0.000000 0.000000 1.000000
0.999335 0.017890 -0.031786 0.009000 -0.027228 0.945753 -0.323744 7.062600 0.024270 0.324394 0.945611 -0.984700 0.000000 0.000000 0.000000 1.000000</float_array><technique_common><accessor source="#Spine-Matrix-animation-output-transform-array" count="116" stride="16"><param type="float4x4"/></accessor></technique_common></source><source id="Spine-Interpolations"><Name_array id="Spine-Interpolations-array" count="116">
