<?xml version="1.0" encoding="utf-8"?>
<COLLADA xmlns="http://www.collada.org/2005/11/COLLADASchema" version="1.4.1">
  <asset><contributor><author>Mixamo</author><authoring_tool>COLLADA Mixamo exporter</authoring_tool><comments></comments></contributor><created>2021-02-17T18:54:12Z</created><modified>2021-02-17T18:54:12Z</modified><revision></revision><title></title><unit meter="0.010000"/><up_axis>Y_UP</up_axis></asset>
  <library_animations>
    <animation id="Hips-anim" name="Hips"><source id="Hips-Matrix-animation-input"><float_array id="Hips-Matrix-animation-input-array" count="39">

0.000000 0.033333 0.066667 0.100000 0.133333 0.166667 0.200000 0.233333 0.266667 0.300000 0.333333 0.366667 0.400000 0.433333 0.466667 0.500000
0.533333 0.566667 0.600000 0.633333 0.666667 0.700000 0.733333 0.766667 0.800000 0.833333 0.866667 0.900000 0.933333 0.966667 1.000000 1.033333
1.066667 1.100000 1.133333 1.166667 1.200000 1.233333 1.266667</float_array><technique_common><accessor source="#Hips-Matrix-animation-input-array" count="39"><param name="TIME" type="float"/></accessor></technique_common></source><source id="Hips-Matrix-animation-output-transform"><float_array id="Hips-Matrix-animation-output-transform-array" count="624">

0.697151 -0.236170 -0.676908 10.244811 -0.048913 0.926314 -0.373563 61.070328 0.715254 0.293539 0.634229 -1.022644 0.000000 0.000000 0.000000 1.000000
0.693114 -0.261860 -0.671582 10.309216 -0.014873 0.926288 -0.376523 62.255241 0.720674 0.270962 0.638129 1.215697 0.000000 0.000000 0.000000 1.000000
0.688332 -0.281710 -0.668460 10.387634 0.008639 0.924629 -0.380772 63.088631 0.725344 0.256323 0.638885 3.514295 0.000000 0.000000 0.000000 1.000000
0.678756 -0.289414 -0.674930 10.403502 0.013051 0.923676 -0.382953 63.158989 0.734248 0.251123 0.630727 6.051555 0.000000 0.000000 0.000000 1.000000
0.667415 -0.289925 -0.685931 10.454139 0.010043 0.924521 -0.380999 62.809326 0.744618 0.247395 0.619951 8.774048 0.000000 0.000000 0.000000 1.000000
0.655255 -0.287844 -0.698417 10.598697 0.007026 0.926839 -0.375393 62.152462 0.755375 0.241071 0.609338 11.574963 0.000000 0.000000 0.000000 1.000000
0.642899 -0.284504 -0.711153 10.808465 0.004236 0.929764 -0.368133 61.200031 0.765939 0.233660 0.598949 14.527832 0.000000 0.000000 0.000000 1.000000
0.630183 -0.278732 -0.724691 11.051346 -0.001305 0.932962 -0.359973 59.953659 0.776445 0.227795 0.587573 17.708420 0.000000 0.000000 0.000000 1.000000
0.615275 -0.271213 -0.740189 11.341417 -0.010758 0.935978 -0.351895 58.490395 0.788239 0.224475 0.572966 21.009867 0.000000 0.000000 0.000000 1.000000
0.599547 -0.264114 -0.755504 11.683029 -0.020465 0.938612 -0.344366 57.002903 0.800078 0.221926 0.557337 24.237818 0.000000 0.000000 0.000000 1.000000
0.587512 -0.259593 -0.766447 12.058893 -0.027493 0.940198 -0.339517 55.671795 0.808748 0.220542 0.545241 27.376698 0.000000 0.000000 0.000000 1.000000
0.583280 -0.258693 -0.769976 12.460443 -0.032997 0.939601 -0.340679 54.608994 0.811601 0.224118 0.539514 30.486443 0.000000 0.000000 0.000000 1.000000
0.586134 -0.260129 -0.767319 12.863119 -0.039176 0.936851 -0.347528 53.947830 0.809266 0.233759 0.538930 33.496075 0.000000 0.000000 0.000000 1.000000
0.591683 -0.258081 -0.763745 13.216542 -0.049681 0.933899 -0.354067 53.766434 0.804639 0.247439 0.539751 36.333866 0.000000 0.000000 0.000000 1.000000
0.598628 -0.247466 -0.761843 13.451426 -0.066487 0.932451 -0.355127 54.040771 0.798263 0.263242 0.541738 38.981865 0.000000 0.000000 0.000000 1.000000
0.608853 -0.228981 -0.759516 13.543018 -0.088215 0.931953 -0.351683 54.655609 0.788363 0.281124 0.547223 41.483913 0.000000 0.000000 0.000000 1.000000
0.622249 -0.207302 -0.754872 13.539905 -0.111425 0.931026 -0.347526 55.502953 0.774849 0.300360 0.556232 43.918213 0.000000 0.000000 0.000000 1.000000
0.634473 -0.185305 -0.750404 13.569164 -0.135778 0.929022 -0.344214 56.588116 0.760926 0.320283 0.564278 46.383831 0.000000 0.000000 0.000000 1.000000
0.641266 -0.165093 -0.749348 13.670926 -0.160269 0.926222 -0.341213 57.839531 0.750395 0.338905 0.567495 48.838566 0.000000 0.000000 0.000000 1.000000
0.642697 -0.148434 -0.751603 13.787776 -0.182435 0.923178 -0.338319 59.109764 0.744082 0.354556 0.566245 51.156265 0.000000 0.000000 0.000000 1.000000
0.642737 -0.135817 -0.753952 13.900636 -0.200170 0.920197 -0.336407 60.249802 0.739473 0.367140 0.564258 53.302040 0.000000 0.000000 0.000000 1.000000
0.645291 -0.126689 -0.753359 13.978854 -0.212308 0.917565 -0.336155 61.207230 0.733843 0.376862 0.565199 55.284199 0.000000 0.000000 0.000000 1.000000
0.651103 -0.120703 -0.749330 13.990647 -0.217994 0.915936 -0.336958 61.986565 0.727010 0.382743 0.570057 57.169807 0.000000 0.000000 0.000000 1.000000
0.660085 -0.121318 -0.741330 13.906782 -0.207435 0.919062 -0.335105 61.969635 0.721983 0.374975 0.581494 59.022274 0.000000 0.000000 0.000000 1.000000
0.670736 -0.126263 -0.730870 13.699173 -0.189562 0.923494 -0.333506 61.553894 0.717063 0.362239 0.595485 60.937252 0.000000 0.000000 0.000000 1.000000
0.683903 -0.129029 -0.718072 13.373500 -0.171457 0.928246 -0.330093 60.914207 0.709139 0.348870 0.612708 62.987236 0.000000 0.000000 0.000000 1.000000
0.707269 -0.125872 -0.695649 12.981115 -0.152382 0.933746 -0.323881 60.154606 0.690327 0.335075 0.641228 65.200867 0.000000 0.000000 0.000000 1.000000
0.746235 -0.120629 -0.654661 12.614775 -0.128193 0.938996 -0.319145 59.349281 0.653223 0.322080 0.685248 67.541855 0.000000 0.000000 0.000000 1.000000
0.789320 -0.123491 -0.601435 12.278355 -0.100179 0.940535 -0.324591 58.435852 0.605754 0.316457 0.730012 70.017960 0.000000 0.000000 0.000000 1.000000
0.812828 -0.137202 -0.566115 11.845530 -0.082102 0.935178 -0.344529 57.438889 0.576689 0.326522 0.748875 72.689987 0.000000 0.000000 0.000000 1.000000
0.804611 -0.153616 -0.573588 11.284670 -0.088610 0.924081 -0.371783 56.653336 0.587154 0.349967 0.729914 75.472427 0.000000 0.000000 0.000000 1.000000
0.775940 -0.167478 -0.608168 10.832850 -0.111280 0.912649 -0.393304 56.389801 0.620914 0.372857 0.689524 78.249947 0.000000 0.000000 0.000000 1.000000
0.747509 -0.174529 -0.640914 10.619530 -0.132232 0.906456 -0.401063 56.509518 0.650957 0.384547 0.654506 80.939041 0.000000 0.000000 0.000000 1.000000
0.730164 -0.175215 -0.660425 10.515130 -0.142286 0.906381 -0.397779 56.741497 0.668293 0.384413 0.636876 83.585297 0.000000 0.000000 0.000000 1.000000
0.720181 -0.173863 -0.671648 10.421951 -0.142941 0.910137 -0.388868 57.060265 0.678901 0.376062 0.630611 86.231064 0.000000 0.000000 0.000000 1.000000
0.712343 -0.176301 -0.679327 10.334270 -0.135429 0.915213 -0.379531 57.611313 0.688641 0.362357 0.628069 88.830505 0.000000 0.000000 0.000000 1.000000
0.706109 -0.189228 -0.682351 10.270313 -0.115718 0.919841 -0.374836 58.603806 0.698584 0.343636 0.627611 91.451195 0.000000 0.000000 0.000000 1.000000
0.701527 -0.210852 -0.680736 10.221744 -0.084716 0.923780 -0.373436 59.850636 0.707589 0.319645 0.630194 94.078056 0.000000 0.000000 0.000000 1.000000
0.697185 -0.236297 -0.676829 10.240646 -0.048702 0.926323 -0.373569 61.064121 0.715235 0.293409 0.634310 96.586517 0.000000 0.000000 0.000000 1.000000</float_array><technique_common><accessor source="#Hips-Matrix-animation-output-transform-array" count="39" stride="16"><param type="float4x4"/></accessor></technique_common></source><source id="Hips-Interpolations"><Name_array id="Hips-Interpolations-array" count="39">
 LINEAR LINEAR LINEAR LINEAR LINEAR LINEAR LINEAR LINEAR LINEAR LINEAR LINEAR
LINEAR LINEAR LINEAR LINEAR LINEAR LINEAR LINEAR LINEAR LINEAR LINEAR LINEAR LINEAR
LINEAR LINEAR LINEAR LINEAR LINEAR LINEAR LINEAR LINEAR LINEAR LINEAR LINEAR LINEAR
LINEAR LINEAR LINEAR LINEAR</Name_array><technique_common><accessor source="#Hips-Interpolations-array" count="39"><param type="name"/></accessor></technique_common></source><sampler id="Hips-Matrix-animation-transform"><input semantic="INPUT" source="#Hips-Matrix-animation-input"/><input semantic="OUTPUT" source="#Hips-Matrix-animation-output-transform"/><input semantic="INTERPOLATION" source="#Hips-Interpolations"/></sampler><channel source="#Hips-Matrix-animation-transform" target="Hips/matrix"/></animation>
    <animation id="Spine-anim" name="Spine"><source id="Spine-Matrix-animation-input"><float_array id="Spine-Matrix-animation-input-array" count="39">

0.000000 0.033333 0.066667 0.100000 0.133333 0.166667 0.200000 0.233333 0.266667 0.300000 0.333333 0.366667 0.400000 0.433333 0.466667 0.500000
0.533333 0.566667 0.600000 0.633333 0.666667 0.700000 0.733333 0.766667 0.800000 0.833333 0.866667 0.900000 0.933333 0.966667 1.000000 1.033333
1.066667 1.100000 1.133333 1.166667 1.200000 1.233333 1.266667</float_array><technique_common><accessor source="#Spine-Matrix-animation-input-array" count="39"><param name="TIME" type="float"/></accessor></technique_common></source><source id="Spine-Matrix-animation-output-transform"><float_array id="Spine-Matrix-animation-output-transform-array" count="624">

0.999836 0.017794 -0.003378 0.009000 -0.018112 0.981906 -0.188502 7.062600 -0.000037 0.188533 0.982067 -0.984700 0.000000 0.000000 0.000000 1.000000
0.999445 0.031074 -0.011980 0.009000 -0.032767 0.981835 -0.186885 7.062600 0.005955 0.187174 0.982309 -0.984700 0.000000 0.000000 0.000000 1.000000
0.999098 0.038723 -0.017446 0.009000 -0.041275 0.982087 -0.183851 7.062600 0.010014 0.184405 0.982799 -0.984700 0.000000 0.000000 0.000000 1.000000
0.999197 0.037052 -0.015266 0.009000 -0.039209 0.982632 -0.181376 7.062600 0.008281 0.181829 0.983295 -0.984700 0.000000 0.000000 0.000000 1.000000
0.999393 0.033190 -0.010575 0.009000 -0.034549 0.983188 -0.179297 7.062600 0.004446 0.179553 0.983738 -0.984700 0.000000 0.000000 0.000000 1.000000
0.999491 0.031071 -0.007280 0.009000 -0.031870 0.983589 -0.177586 7.062600 0.001642 0.177728 0.984078 -0.984700 0.000000 0.000000 0.000000 1.000000
0.999511 0.030674 -0.006102 0.009000 -0.031270 0.983874 -0.176107 7.062600 0.000602 0.176212 0.984352 -0.984700 0.000000 0.000000 0.000000 1.000000
0.999502 0.031033 -0.005685 0.009000 -0.031549 0.984118 -0.174692 7.062600 0.000173 0.174784 0.984607 -0.984700 0.000000 0.000000 0.000000 1.000000
0.999417 0.033776 -0.005007 0.009000 -0.034133 0.984278 -0.173299 7.062600 -0.000925 0.173369 0.984856 -0.984700 0.000000 0.000000 0.000000 1.000000
0.999148 0.040996 -0.004687 0.009000 -0.041190 0.984155 -0.172460 7.062600 -0.002458 0.172506 0.985005 -0.984700 0.000000 0.000000 0.000000 1.000000
0.998721 0.050373 -0.004391 0.009000 -0.050374 0.983676 -0.172756 7.062600 -0.004383 0.172756 0.984955 -0.984700 0.000000 0.000000 0.000000 1.000000
0.998372 0.056933 -0.003598 0.009000 -0.056690 0.983118 -0.173968 7.062600 -0.006367 0.173888 0.984745 -0.984700 0.000000 0.000000 0.000000 1.000000
0.998151 0.060666 -0.003665 0.009000 -0.060367 0.982638 -0.175439 7.062600 -0.007042 0.175336 0.984484 -0.984700 0.000000 0.000000 0.000000 1.000000
0.997939 0.064032 -0.004288 0.009000 -0.063782 0.982216 -0.176587 7.062600 -0.007096 0.176496 0.984276 -0.984700 0.000000 0.000000 0.000000 1.000000
0.997674 0.067948 -0.005397 0.009000 -0.067826 0.981789 -0.177454 7.062600 -0.006759 0.177407 0.984114 -0.984700 0.000000 0.000000 0.000000 1.000000
0.997476 0.070601 -0.007509 0.009000 -0.070808 0.981446 -0.178183 7.062600 -0.005211 0.178265 0.983969 -0.984700 0.000000 0.000000 0.000000 1.000000
0.997521 0.069560 -0.010624 0.009000 -0.070337 0.981273 -0.179321 7.062600 -0.002048 0.179624 0.983733 -0.984700 0.000000 0.000000 0.000000 1.000000
0.997995 0.062216 -0.011592 0.009000 -0.063287 0.981321 -0.181668 7.062600 0.000073 0.182038 0.983292 -0.984700 0.000000 0.000000 0.000000 1.000000
0.998725 0.049779 -0.008358 0.009000 -0.050465 0.981331 -0.185590 7.062600 -0.001037 0.185775 0.982592 -0.984700 0.000000 0.000000 0.000000 1.000000
0.999346 0.036108 -0.001909 0.009000 -0.035811 0.981073 -0.190297 7.062600 -0.004998 0.190241 0.981725 -0.984700 0.000000 0.000000 0.000000 1.000000
0.999685 0.024557 0.005190 0.009000 -0.023083 0.980721 -0.194045 7.062600 -0.009855 0.193864 0.980979 -0.984700 0.000000 0.000000 0.000000 1.000000
0.999803 0.016779 0.010557 0.009000 -0.014393 0.980596 -0.195510 7.062600 -0.013632 0.195319 0.980645 -0.984700 0.000000 0.000000 0.000000 1.000000
0.999827 0.013124 0.013168 0.009000 -0.010302 0.980708 -0.195205 7.062600 -0.015476 0.195036 0.980674 -0.984700 0.000000 0.000000 0.000000 1.000000
0.999787 0.017569 0.010816 0.009000 -0.015103 0.980393 -0.196471 7.062600 -0.014055 0.196266 0.980450 -0.984700 0.000000 0.000000 0.000000 1.000000
0.999665 0.025140 0.006165 0.009000 -0.023425 0.979974 -0.197741 7.062600 -0.011013 0.197530 0.980235 -0.984700 0.000000 0.000000 0.000000 1.000000
0.999548 0.029959 0.002498 0.009000 -0.028859 0.979471 -0.199508 7.062600 -0.008423 0.199345 0.979893 -0.984700 0.000000 0.000000 0.000000 1.000000
0.999603 0.028154 -0.000861 0.009000 -0.027747 0.978986 -0.202032 7.062600 -0.004845 0.201976 0.979379 -0.984700 0.000000 0.000000 0.000000 1.000000
0.999822 0.018045 -0.005514 0.009000 -0.018792 0.978617 -0.204833 7.062600 0.001700 0.204900 0.978781 -0.984700 0.000000 0.000000 0.000000 1.000000
0.999922 0.004516 -0.011666 0.009000 -0.006822 0.978545 -0.205922 7.062600 0.010486 0.205986 0.978499 -0.984700 0.000000 0.000000 0.000000 1.000000
0.999860 -0.004061 -0.016250 0.009000 0.000687 0.979296 -0.202431 7.062600 0.016736 0.202391 0.979162 -0.984700 0.000000 0.000000 0.000000 1.000000
0.999891 -0.005976 -0.013469 0.009000 0.003233 0.980765 -0.195167 7.062600 0.014376 0.195102 0.980678 -0.984700 0.000000 0.000000 0.000000 1.000000
0.999975 -0.005457 -0.004589 0.009000 0.004492 0.981975 -0.188958 7.062600 0.005537 0.188932 0.981974 -0.984700 0.000000 0.000000 0.000000 1.000000
0.999946 -0.008565 0.005875 0.009000 0.009512 0.982357 -0.186776 7.062600 -0.004172 0.186822 0.982385 -0.984700 0.000000 0.000000 0.000000 1.000000
0.999794 -0.015199 0.013425 0.009000 0.017445 0.982172 -0.187174 7.062600 -0.010340 0.187370 0.982235 -0.984700 0.000000 0.000000 0.000000 1.000000
0.999646 -0.020602 0.016865 0.009000 0.023408 0.981883 -0.188037 7.062600 -0.012686 0.188365 0.982017 -0.984700 0.000000 0.000000 0.000000 1.000000
0.999661 -0.020246 0.016372 0.009000 0.022972 0.981786 -0.188595 7.062600 -0.012256 0.188907 0.981918 -0.984700 0.000000 0.000000 0.000000 1.000000
0.999862 -0.011604 0.011898 0.009000 0.013640 0.981966 -0.188564 7.062600 -0.009495 0.188700 0.981989 -0.984700 0.000000 0.000000 0.000000 1.000000
0.999986 0.002575 0.004677 0.009000 -0.001647 0.982060 -0.188559 7.062600 -0.005078 0.188549 0.982051 -0.984700 0.000000 0.000000 0.000000 1.000000
0.999833 0.017952 -0.003523 0.009000 -0.018294 0.981902 -0.188502 7.062600 0.000076 0.188535 0.982066 -0.984700 0.000000 0.000000 0.000000 1.000000</float_array><technique_common><accessor source="#Spine-Matrix-animation-output-transform-array" count="39" stride="16"><param type="float4x4"/></accessor></technique_common></source><source id="Spine-Interpolations"><Name_array id="Spine-Interpolations-array" count="39">
 LINEAR LINEAR LINEAR LINEAR LINEAR LINEAR LINEAR LINEAR LINEAR LINEAR LINEAR
LINEAR LINEAR LINEAR LINEAR LINEAR LINEAR LINEAR LINEAR LINEAR LINEAR LINEAR LINEAR
LINEAR LINEAR LINEAR LINEAR LINEAR LINEAR LINEAR LINEAR LINEAR LINEAR LINEAR LINEAR
LINEAR LINEAR LINEAR LINEAR</Name_array><technique_common><accessor source="#Spine-Interpolations-array" count="39"><param type="name"/></accessor></technique_common></source><sampler id="Spine-Matrix-animation-transform"><input semantic="INPUT" source="#Spine-Matrix-animation-input"/><input semantic="OUTPUT" source="#Spine-Matrix-animation-output-transform"/><input semantic="INTERPOLATION" source="#Spine-Interpolations"/></sampler><channel source="#Spine-Matrix-animation-transform" target="Spine/matrix"/></animation>
    <animation id="Spine1-anim" name="Spine1"><source id="Spine1-Matrix-animation-input"><float_array id="Spine1-Matrix-animation-input-array" count="39">

0.000000 0.033333 0.066667 0.100000 0.133333 0.166667 0.200000 0.233333 0.266667 0.300000 0.333333 0.366667 0.400000 0.433333 0.466667 0.500000
0.533333 0.566667 0.600000 0.633333 0.666667 0.700000 0.733333 0.766667 0.800000 0.833333 0.866667 0.900000 0.933333 0.966667 1.000000 1.033333
1.066667 1.100000 1.133333 1.166667 1.200000 1.233333 1.266667</float_array><technique_common><accessor source="#Spine1-Matrix-animation-input-array" count="39"><param name="TIME" type="float"/></accessor></technique_common></source><source id="Spine1-Matrix-animation-output-transform"><float_array id="Spine1-Matrix-animation-output-transform-array" count="624">

0.996347 0.065402 -0.054903 0.012400 -0.080585 0.932823 -0.351209 8.239700 0.028245 0.354350 0.934686 -1.148800 0.000000 0.000000 0.000000 1.000000
0.995193 0.077789 -0.059492 0.012400 -0.093748 0.932387 -0.349093 8.239700 0.028314 0.352992 0.935198 -1.148800 0.000000 0.000000 0.000000 1.000000
0.994391 0.085638 -0.062077 0.012400 -0.101903 0.932933 -0.345329 8.239700 0.028340 0.349717 0.936426 -1.148800 0.000000 0.000000 0.000000 1.000000
0.994384 0.087462 -0.059593 0.012400 -0.102678 0.933756 -0.342865 8.239700 0.025658 0.347058 0.937493 -1.148800 0.000000 0.000000 0.000000 1.000000
0.994494 0.088315 -0.056403 0.012400 -0.102331 0.934395 -0.341226 8.239700 0.022568 0.345119 0.938287 -1.148800 0.000000 0.000000 0.000000 1.000000
0.994486 0.089800 -0.054169 0.012400 -0.102929 0.934755 -0.340058 8.239700 0.020098 0.343759 0.938843 -1.148800 0.000000 0.000000 0.000000 1.000000
0.994533 0.090377 -0.052315 0.012400 -0.102810 0.935204 -0.338857 8.239700 0.018300 0.342383 0.939382 -1.148800 0.000000 0.000000 0.000000 1.000000
0.994806 0.089066 -0.049282 0.012400 -0.100512 0.936040 -0.337235 8.239700 0.016094 0.340436 0.940130 -1.148800 0.000000 0.000000 0.000000 1.000000
0.995184 0.088353 -0.042452 0.012400 -0.097491 0.937166 -0.334986 8.239700 0.010188 0.337511 0.941266 -1.148800 0.000000 0.000000 0.000000 1.000000
0.995338 0.090866 -0.032352 0.012400 -0.096453 0.937882 -0.333277 8.239700 0.000059 0.334844 0.942274 -1.148800 0.000000 0.000000 0.000000 1.000000
0.995142 0.095888 -0.022303 0.012400 -0.097824 0.937672 -0.333470 8.239700 -0.011063 0.334031 0.942497 -1.148800 0.000000 0.000000 0.000000 1.000000
0.994913 0.099545 -0.015471 0.012400 -0.098952 0.936852 -0.335434 8.239700 -0.018896 0.335259 0.941937 -1.148800 0.000000 0.000000 0.000000 1.000000
0.994922 0.099986 -0.011517 0.012400 -0.097985 0.936096 -0.337822 8.239700 -0.022997 0.337235 0.941140 -1.148800 0.000000 0.000000 0.000000 1.000000
0.995123 0.098348 -0.007636 0.012400 -0.095081 0.935688 -0.339776 8.239700 -0.026272 0.338845 0.940475 -1.148800 0.000000 0.000000 0.000000 1.000000
0.995504 0.094692 -0.002251 0.012400 -0.089765 0.935591 -0.341485 8.239700 -0.030230 0.340152 0.939885 -1.148800 0.000000 0.000000 0.000000 1.000000
0.996167 0.087407 0.003354 0.012400 -0.080951 0.935756 -0.343230 8.239700 -0.033140 0.341643 0.939245 -1.148800 0.000000 0.000000 0.000000 1.000000
0.997031 0.076666 0.007194 0.012400 -0.069462 0.935785 -0.345661 8.239700 -0.033233 0.344135 0.938332 -1.148800 0.000000 0.000000 0.000000 1.000000
0.997818 0.065392 0.009112 0.012400 -0.058085 0.935049 -0.349728 8.239700 -0.031390 0.348435 0.936807 -1.148800 0.000000 0.000000 0.000000 1.000000
0.998368 0.056106 0.010661 0.012400 -0.048646 0.933248 -0.355924 8.239700 -0.029919 0.354824 0.934454 -1.148800 0.000000 0.000000 0.000000 1.000000
0.998731 0.048730 0.012681 0.012400 -0.040809 0.930863 -0.363083 8.239700 -0.029497 0.362105 0.931670 -1.148800 0.000000 0.000000 0.000000 1.000000
0.999017 0.042159 0.013696 0.012400 -0.034159 0.929093 -0.368265 8.239700 -0.028250 0.367436 0.929620 -1.148800 0.000000 0.000000 0.000000 1.000000
0.999272 0.036328 0.011625 0.012400 -0.029474 0.928889 -0.369185 8.239700 -0.024210 0.368573 0.929283 -1.148800 0.000000 0.000000 0.000000 1.000000
0.999456 0.032406 0.006095 0.012400 -0.027913 0.929864 -0.366842 8.239700 -0.017555 0.366472 0.930263 -1.148800 0.000000 0.000000 0.000000 1.000000
0.999288 0.037454 -0.004586 0.012400 -0.036519 0.929355 -0.367378 8.239700 -0.009498 0.367283 0.930061 -1.148800 0.000000 0.000000 0.000000 1.000000
0.998864 0.045081 -0.015433 0.012400 -0.047596 0.928665 -0.367853 8.239700 -0.002251 0.368170 0.929756 -1.148800 0.000000 0.000000 0.000000 1.000000
0.998445 0.050205 -0.024236 0.012400 -0.055611 0.927522 -0.369608 8.239700 0.003923 0.370381 0.928872 -1.148800 0.000000 0.000000 0.000000 1.000000
0.998174 0.048794 -0.035601 0.012400 -0.058577 0.925781 -0.373495 8.239700 0.014735 0.374899 0.926949 -1.148800 0.000000 0.000000 0.000000 1.000000
0.997739 0.038876 -0.054817 0.012400 -0.056775 0.924039 -0.378059 8.239700 0.035955 0.380317 0.924157 -1.148800 0.000000 0.000000 0.000000 1.000000
0.996721 0.024393 -0.077154 0.012400 -0.051954 0.923906 -0.379076 8.239700 0.062036 0.381841 0.922144 -1.148800 0.000000 0.000000 0.000000 1.000000
0.996042 0.013433 -0.087861 0.012400 -0.045373 0.926855 -0.372667 8.239700 0.076429 0.375178 0.923797 -1.148800 0.000000 0.000000 0.000000 1.000000
0.996849 0.010750 -0.078590 0.012400 -0.038515 0.931740 -0.361078 8.239700 0.069344 0.362967 0.929218 -1.148800 0.000000 0.000000 0.000000 1.000000
0.998155 0.013475 -0.059211 0.012400 -0.033475 0.935637 -0.351373 8.239700 0.050666 0.352707 0.934361 -1.148800 0.000000 0.000000 0.000000 1.000000
0.998837 0.016740 -0.045217 0.012400 -0.031447 0.937055 -0.347764 8.239700 0.036549 0.348781 0.936491 -1.148800 0.000000 0.000000 0.000000 1.000000
0.998977 0.018777 -0.041149 0.012400 -0.031954 0.936857 -0.348250 8.239700 0.032011 0.349209 0.936498 -1.148800 0.000000 0.000000 0.000000 1.000000
0.998884 0.021382 -0.042119 0.012400 -0.034790 0.936169 -0.349826 8.239700 0.031950 0.350901 0.935868 -1.148800 0.000000 0.000000 0.000000 1.000000
0.998695 0.026179 -0.043845 0.012400 -0.039938 0.935471 -0.351141 8.239700 0.031823 0.352434 0.935296 -1.148800 0.000000 0.000000 0.000000 1.000000
0.998284 0.035564 -0.046530 0.012400 -0.049681 0.934953 -0.351275 8.239700 0.031010 0.352984 0.935115 -1.148800 0.000000 0.000000 0.000000 1.000000
0.997478 0.049658 -0.050708 0.012400 -0.064355 0.934085 -0.351203 8.239700 0.029926 0.353581 0.934925 -1.148800 0.000000 0.000000 0.000000 1.000000
0.996347 0.065402 -0.054903 0.012400 -0.080585 0.932823 -0.351209 8.239700 0.028245 0.354350 0.934686 -1.148800 0.000000 0.000000 0.000000 1.000000</float_array><technique_common><accessor source="#Spine1-Matrix-animation-output-transform-array" count="39" stride="16"><param type="float4x4"/></accessor></technique_common></source><source id="Spine1-Interpolations"><Name_array id="Spine1-Interpolations-array" count="39">
 LINEAR LINEAR LINEAR LINEAR LINEAR LINEAR LINEAR LINEAR LINEAR LINEAR LINEAR
LINEAR LINEAR LINEAR LINEAR LINEAR LINEAR LINEAR LINEAR LINEAR LINEAR LINEAR LINEAR
LINEAR LINEAR LINEAR LINEAR LINEAR LINEAR LINEAR LINEAR LINEAR LINEAR LINEAR LINEAR
LINEAR LINEAR LINEAR LINEAR</Name_array><technique_common><accessor source="#Spine1-Interpolations-array" count="39"><param type="name"/></accessor></technique_common></source><sampler id="Spine1-Matrix-animation-transform"><input semantic="INPUT" source="#Spine1-Matrix-animation-input"/><input semantic="OUTPUT" source="#Spine1-Matrix-animation-output-transform"/><input semantic="INTERPOLATION" source="#Spine1-Interpolations"/></sampler><channel source="#Spine1-Matrix-animation-transform" target="Spine1/matrix"/></animation>
    <animation id="Spine2-anim" name="Spine2"><source id="Spine2-Matrix-animation-input"><float_array id="Spine2-Matrix-animation-input-array" count="39">

0.000000 0.033333 0.066667 0.100000 0.133333 0.166667 0.200000 0.233333 0.266667 0.300000 0.333333 0.366667 0.400000 0.433333 0.466667 0.500000
0.533333 0.566667 0.600000 0.633333 0.666667 0.700000 0.733333 0.766667 0.800000 0.833333 0.866667 0.900000 0.933333 0.966667 1.000000 1.033333
1.066667 1.100000 1.133333 1.166667 1.200000 1.233333 1.266667</float_array><technique_common><accessor source="#Spine2-Matrix-animation-input-array" count="39"><param name="TIME" type="float"/></accessor></technique_common></source><source id="Spine2-Matrix-animation-output-transform"><float_array id="Spine2-Matrix-animation-output-transform-array" count="624">

0.996298 0.066001 -0.055079 0.014200 -0.081204 0.932831 -0.351046 9.416800 0.028210 0.354219 0.934737 -1.313000 0.000000 0.000000 0.000000 1.000000
0.995142 0.078348 -0.059615 0.014200 -0.094311 0.932399 -0.348910 9.416800 0.028249 0.352837 0.935258 -1.313000 0.000000 0.000000 0.000000 1.000000
0.994359 0.086166 -0.061852 0.014200 -0.102316 0.932942 -0.345183 9.416800 0.027962 0.349565 0.936495 -1.313000 0.000000 0.000000 0.000000 1.000000
0.994391 0.088027 -0.058625 0.014200 -0.102870 0.933744 -0.342840 9.416800 0.024561 0.346948 0.937563 -1.313000 0.000000 0.000000 0.000000 1.000000
0.994538 0.088943 -0.054611 0.014200 -0.102304 0.934360 -0.341329 9.416800 0.020667 0.345052 0.938356 -1.313000 0.000000 0.000000 0.000000 1.000000
0.994553 0.090464 -0.051772 0.014200 -0.102732 0.934703 -0.340258 9.416800 0.017610 0.343723 0.938906 -1.313000 0.000000 0.000000 0.000000 1.000000
0.994609 0.091009 -0.049694 0.014200 -0.102510 0.935146 -0.339106 9.416800 0.015609 0.342372 0.939435 -1.313000 0.000000 0.000000 0.000000 1.000000
0.994877 0.089588 -0.046841 0.014200 -0.100174 0.935986 -0.337483 9.416800 0.013608 0.340447 0.940165 -1.313000 0.000000 0.000000 0.000000 1.000000
0.995231 0.088708 -0.040561 0.014200 -0.097189 0.937133 -0.335166 9.416800 0.008279 0.337510 0.941285 -1.313000 0.000000 0.000000 0.000000 1.000000
0.995358 0.091033 -0.031228 0.014200 -0.096234 0.937879 -0.333349 9.416800 -0.001058 0.334807 0.942286 -1.313000 0.000000 0.000000 0.000000 1.000000
0.995152 0.095877 -0.021900 0.014200 -0.097680 0.937690 -0.333460 9.416800 -0.011436 0.333983 0.942510 -1.313000 0.000000 0.000000 0.000000 1.000000
0.994926 0.099399 -0.015540 0.014200 -0.098839 0.936880 -0.335390 9.416800 -0.018778 0.335224 0.941951 -1.313000 0.000000 0.000000 0.000000 1.000000
0.994941 0.099751 -0.011884 0.014200 -0.097889 0.936128 -0.337759 9.416800 -0.022567 0.337214 0.941157 -1.313000 0.000000 0.000000 0.000000 1.000000
0.995149 0.098019 -0.008386 0.014200 -0.095028 0.935718 -0.339708 9.416800 -0.025451 0.338857 0.940494 -1.313000 0.000000 0.000000 0.000000 1.000000
0.995543 0.094247 -0.003532 0.014200 -0.089784 0.935604 -0.341445 9.416800 -0.028875 0.340240 0.939895 -1.313000 0.000000 0.000000 0.000000 1.000000
0.996218 0.086870 0.001652 0.014200 -0.081027 0.935746 -0.343240 9.416800 -0.031363 0.341809 0.939246 -1.313000 0.000000 0.000000 0.000000 1.000000
0.997082 0.076138 0.005550 0.014200 -0.069532 0.935765 -0.345702 9.416800 -0.031515 0.344307 0.938328 -1.313000 0.000000 0.000000 0.000000 1.000000
0.997853 0.064987 0.008081 0.014200 -0.058064 0.935038 -0.349760 9.416800 -0.030286 0.348540 0.936805 -1.313000 0.000000 0.000000 0.000000 1.000000
0.998383 0.055860 0.010512 0.014200 -0.048469 0.933259 -0.355919 9.416800 -0.029692 0.354834 0.934458 -1.313000 0.000000 0.000000 0.000000 1.000000
0.998730 0.048589 0.013286 0.014200 -0.040460 0.930897 -0.363033 9.416800 -0.030007 0.362035 0.931682 -1.313000 0.000000 0.000000 0.000000 1.000000
0.999009 0.042032 0.014612 0.014200 -0.033707 0.929140 -0.368188 9.416800 -0.029053 0.367331 0.929636 -1.313000 0.000000 0.000000 0.000000 1.000000
0.999270 0.036151 0.012342 0.014200 -0.029048 0.928929 -0.369117 9.416800 -0.024808 0.368489 0.929301 -1.313000 0.000000 0.000000 0.000000 1.000000
0.999463 0.032167 0.006286 0.014200 -0.027621 0.929890 -0.366800 9.416800 -0.017644 0.366430 0.930278 -1.313000 0.000000 0.000000 0.000000 1.000000
0.999294 0.037252 -0.004925 0.014200 -0.036456 0.929371 -0.367342 9.416800 -0.009107 0.367262 0.930073 -1.313000 0.000000 0.000000 0.000000 1.000000
0.998858 0.044937 -0.016240 0.014200 -0.047759 0.928679 -0.367798 9.416800 -0.001446 0.368153 0.929764 -1.313000 0.000000 0.000000 0.000000 1.000000
0.998421 0.050126 -0.025336 0.014200 -0.055944 0.927541 -0.369511 9.416800 0.004978 0.370345 0.928881 -1.313000 0.000000 0.000000 0.000000 1.000000
0.998124 0.048924 -0.036799 0.014200 -0.059144 0.925811 -0.373330 9.416800 0.015804 0.374806 0.926968 -1.313000 0.000000 0.000000 0.000000 1.000000
0.997650 0.039493 -0.055990 0.014200 -0.057783 0.924083 -0.377799 9.416800 0.036819 0.380146 0.924193 -1.313000 0.000000 0.000000 0.000000 1.000000
0.996602 0.025624 -0.078281 0.014200 -0.053505 0.923957 -0.378735 9.416800 0.062624 0.381637 0.922188 -1.313000 0.000000 0.000000 0.000000 1.000000
0.995924 0.014942 -0.088946 0.014200 -0.047158 0.926907 -0.372316 9.416800 0.076881 0.374993 0.923834 -1.313000 0.000000 0.000000 0.000000 1.000000
0.996755 0.011971 -0.079603 0.014200 -0.040004 0.931788 -0.360792 9.416800 0.069855 0.362806 0.929243 -1.313000 0.000000 0.000000 0.000000 1.000000
0.998090 0.014202 -0.060129 0.014200 -0.034470 0.935676 -0.351174 9.416800 0.051274 0.352575 0.934378 -1.313000 0.000000 0.000000 0.000000 1.000000
0.998793 0.017194 -0.046011 0.014200 -0.032145 0.937083 -0.347623 9.416800 0.037139 0.348682 0.936505 -1.313000 0.000000 0.000000 0.000000 1.000000
0.998941 0.019223 -0.041793 0.014200 -0.032594 0.936878 -0.348134 9.416800 0.032463 0.349128 0.936513 -1.313000 0.000000 0.000000 0.000000 1.000000
0.998852 0.021907 -0.042597 0.014200 -0.035447 0.936184 -0.349718 9.416800 0.032218 0.350827 0.935886 -1.313000 0.000000 0.000000 0.000000 1.000000
0.998666 0.026755 -0.044168 0.014200 -0.040587 0.935482 -0.351037 9.416800 0.031926 0.352361 0.935319 -1.313000 0.000000 0.000000 0.000000 1.000000
0.998252 0.036158 -0.046754 0.014200 -0.050313 0.934962 -0.351162 9.416800 0.031016 0.352901 0.935147 -1.313000 0.000000 0.000000 0.000000 1.000000
0.997438 0.050262 -0.050903 0.014200 -0.064986 0.934093 -0.351065 9.416800 0.029903 0.353473 0.934966 -1.313000 0.000000 0.000000 0.000000 1.000000
0.996298 0.066001 -0.055080 0.014200 -0.081204 0.932830 -0.351046 9.416800 0.028210 0.354219 0.934737 -1.313000 0.000000 0.000000 0.000000 1.000000</float_array><technique_common><accessor source="#Spine2-Matrix-animation-output-transform-array" count="39" stride="16"><param type="float4x4"/></accessor></technique_common></source><source id="Spine2-Interpolations"><Name_array id="Spine2-Interpolations-array" count="39">
 LINEAR LINEAR LINEAR LINEAR LINEAR LINEAR LINEAR LINEAR LINEAR LINEAR LINEAR
LINEAR LINEAR LINEAR LINEAR LINEAR LINEAR LINEAR LINEAR LINEAR LINEAR LINEAR LINEAR
LINEAR LINEAR LINEAR LINEAR LINEAR LINEAR LINEAR LINEAR LINEAR LINEAR LINEAR LINEAR
LINEAR LINEAR LINEAR LINEAR</Name_array><technique_common><accessor source="#Spine2-Interpolations-array" count="39"><param type="name"/></accessor></technique_common></source><sampler id="Spine2-Matrix-animation-transform"><input semantic="INPUT" source="#Spine2-Matrix-animation-input"/><input semantic="OUTPUT" source="#Spine2-Matrix-animation-output-transform"/><input semantic="INTERPOLATION" source="#Spine2-Interpolations"/></sampler><channel source="#Spine2-Matrix-animation-transform" target="Spine2/matrix"/></animation>
    <animation id="Neck-anim" name="Neck"><source id="Neck-Matrix-animation-input"><float_array id="Neck-Matrix-animation-input-array" count="39">

0.000000 0.033333 0.066667 0.100000 0.133333 0.166667 0.200000 0.233333 0.266667 0.300000 0.333333 0.366667 0.400000 0.433333 0.466667 0.500000
0.533333 0.566667 0.600000 0.633333 0.666667 0.700000 0.733333 0.766667 0.800000 0.833333 0.866667 0.900000 0.933333 0.966667 1.000000 1.033333
1.066667 1.100000 1.133333 1.166667 1.200000 1.233333 1.266667</float_array><technique_common><accessor source="#Neck-Matrix-animation-input-array" count="39"><param name="TIME" type="float"/></accessor></technique_common></source><source id="Neck-Matrix-animation-output-transform"><float_array id="Neck-Matrix-animation-output-transform-array" count="624">

0.995707 -0.057110 0.072848 0.016000 0.057507 0.998340 -0.003349 10.593800 -0.072536 0.007524 0.997337 -1.477100 0.000000 0.000000 0.000000 1.000000
0.996016 -0.051983 0.072463 0.016000 0.052643 0.998587 -0.007229 10.593800 -0.071984 0.011015 0.997345 -1.477100 0.000000 0.000000 0.000000 1.000000
0.996350 -0.044598 0.072789 0.016000 0.045742 0.998853 -0.014121 10.593800 -0.072076 0.017399 0.997247 -1.477100 0.000000 0.000000 0.000000 1.000000
0.996572 -0.040102 0.072364 0.016000 0.041531 0.998969 -0.018360 10.593800 -0.071553 0.021302 0.997209 -1.477100 0.000000 0.000000 0.000000 1.000000
0.996649 -0.038731 0.072043 0.016000 0.040258 0.998992 -0.019871 10.593800 -0.071201 0.022705 0.997204 -1.477100 0.000000 0.000000 0.000000 1.000000
0.996660 -0.038051 0.072258 0.016000 0.039505 0.999043 -0.018791 10.593800 -0.071474 0.021583 0.997209 -1.477100 0.000000 0.000000 0.000000 1.000000
0.996711 -0.034816 0.073184 0.016000 0.036114 0.999212 -0.016490 10.593800 -0.072552 0.019078 0.997182 -1.477100 0.000000 0.000000 0.000000 1.000000
0.996804 -0.028410 0.074664 0.016000 0.029681 0.999432 -0.015971 10.593800 -0.074168 0.018136 0.997081 -1.477100 0.000000 0.000000 0.000000 1.000000
0.996859 -0.022830 0.075832 0.016000 0.024296 0.999534 -0.018461 10.593800 -0.075375 0.020245 0.996950 -1.477100 0.000000 0.000000 0.000000 1.000000
0.996861 -0.022323 0.075962 0.016000 0.023989 0.999490 -0.021084 10.593800 -0.075453 0.022840 0.996888 -1.477100 0.000000 0.000000 0.000000 1.000000
0.996823 -0.026665 0.075046 0.016000 0.028162 0.999424 -0.018952 10.593800 -0.074497 0.021005 0.997000 -1.477100 0.000000 0.000000 0.000000 1.000000
0.996794 -0.031544 0.073524 0.016000 0.032377 0.999424 -0.010175 10.593800 -0.073161 0.012523 0.997242 -1.477100 0.000000 0.000000 0.000000 1.000000
0.996828 -0.034800 0.071572 0.016000 0.034788 0.999394 0.001412 10.593800 -0.071577 0.001082 0.997434 -1.477100 0.000000 0.000000 0.000000 1.000000
0.996865 -0.038320 0.069220 0.016000 0.037722 0.999239 0.009930 10.593800 -0.069548 -0.007288 0.997552 -1.477100 0.000000 0.000000 0.000000 1.000000
0.996782 -0.044071 0.066959 0.016000 0.043356 0.998987 0.012083 10.593800 -0.067423 -0.009141 0.997683 -1.477100 0.000000 0.000000 0.000000 1.000000
0.996520 -0.051476 0.065566 0.016000 0.050985 0.998658 0.009139 10.593800 -0.065948 -0.005764 0.997806 -1.477100 0.000000 0.000000 0.000000 1.000000
0.996149 -0.058387 0.065407 0.016000 0.058151 0.998293 0.005505 10.593800 -0.065617 -0.001680 0.997843 -1.477100 0.000000 0.000000 0.000000 1.000000
0.995863 -0.062415 0.066043 0.016000 0.062178 0.998049 0.005647 10.593800 -0.066267 -0.001517 0.997801 -1.477100 0.000000 0.000000 0.000000 1.000000
0.995844 -0.062061 0.066654 0.016000 0.061426 0.998045 0.011539 10.593800 -0.067239 -0.007397 0.997709 -1.477100 0.000000 0.000000 0.000000 1.000000
0.996056 -0.058327 0.066858 0.016000 0.057049 0.998153 0.020866 10.593800 -0.067952 -0.016969 0.997544 -1.477100 0.000000 0.000000 0.000000 1.000000
0.996247 -0.054581 0.067172 0.016000 0.052832 0.998224 0.027542 10.593800 -0.068556 -0.023890 0.997361 -1.477100 0.000000 0.000000 0.000000 1.000000
0.996209 -0.053645 0.068483 0.016000 0.051900 0.998287 0.027007 10.593800 -0.069814 -0.023350 0.997287 -1.477100 0.000000 0.000000 0.000000 1.000000
0.995922 -0.055769 0.070911 0.016000 0.054434 0.998304 0.020618 10.593800 -0.071940 -0.016674 0.997270 -1.477100 0.000000 0.000000 0.000000 1.000000
0.995438 -0.060629 0.073676 0.016000 0.059795 0.998120 0.013476 10.593800 -0.074354 -0.009010 0.997191 -1.477100 0.000000 0.000000 0.000000 1.000000
0.994905 -0.066312 0.075934 0.016000 0.065988 0.997797 0.006761 10.593800 -0.076215 -0.001716 0.997090 -1.477100 0.000000 0.000000 0.000000 1.000000
0.994493 -0.072111 0.076049 0.016000 0.072020 0.997395 0.003954 10.593800 -0.076136 0.001545 0.997096 -1.477100 0.000000 0.000000 0.000000 1.000000
0.994159 -0.078055 0.074533 0.016000 0.077888 0.996949 0.005152 10.593800 -0.074708 0.000684 0.997205 -1.477100 0.000000 0.000000 0.000000 1.000000
0.993810 -0.084064 0.072633 0.016000 0.083720 0.996459 0.007779 10.593800 -0.073030 -0.001650 0.997328 -1.477100 0.000000 0.000000 0.000000 1.000000
0.993529 -0.088794 0.070828 0.016000 0.088348 0.996045 0.009400 10.593800 -0.071382 -0.003082 0.997444 -1.477100 0.000000 0.000000 0.000000 1.000000
0.993576 -0.089639 0.069070 0.016000 0.089216 0.995970 0.009201 10.593800 -0.069617 -0.002980 0.997569 -1.477100 0.000000 0.000000 0.000000 1.000000
0.994048 -0.085464 0.067556 0.016000 0.085134 0.996339 0.007743 10.593800 -0.067971 -0.001946 0.997685 -1.477100 0.000000 0.000000 0.000000 1.000000
0.994648 -0.078828 0.066791 0.016000 0.078628 0.996888 0.005632 10.593800 -0.067027 -0.000350 0.997751 -1.477100 0.000000 0.000000 0.000000 1.000000
0.995035 -0.073381 0.067238 0.016000 0.073349 0.997302 0.002941 10.593800 -0.067272 0.002006 0.997733 -1.477100 0.000000 0.000000 0.000000 1.000000
0.995197 -0.069554 0.068878 0.016000 0.069769 0.997563 -0.000720 10.593800 -0.068660 0.005522 0.997625 -1.477100 0.000000 0.000000 0.000000 1.000000
0.995303 -0.065648 0.071144 0.016000 0.066161 0.997797 -0.004864 10.593800 -0.070668 0.009548 0.997454 -1.477100 0.000000 0.000000 0.000000 1.000000
0.995452 -0.061127 0.073070 0.016000 0.061830 0.998059 -0.007395 10.593800 -0.072476 0.011879 0.997299 -1.477100 0.000000 0.000000 0.000000 1.000000
0.995581 -0.057683 0.074099 0.016000 0.058381 0.998268 -0.007285 10.593800 -0.073551 0.011579 0.997224 -1.477100 0.000000 0.000000 0.000000 1.000000
0.995639 -0.056741 0.074051 0.016000 0.057288 0.998344 -0.005286 10.593800 -0.073628 0.009505 0.997240 -1.477100 0.000000 0.000000 0.000000 1.000000
0.995707 -0.057111 0.072848 0.016000 0.057507 0.998340 -0.003349 10.593800 -0.072535 0.007524 0.997337 -1.477100 0.000000 0.000000 0.000000 1.000000</float_array><technique_common><accessor source="#Neck-Matrix-animation-output-transform-array" count="39" stride="16"><param type="float4x4"/></accessor></technique_common></source><source id="Neck-Interpolations"><Name_array id="Neck-Interpolations-array" count="39">
 LINEAR LINEAR LINEAR LINEAR LINEAR LINEAR LINEAR LINEAR LINEAR LINEAR LINEAR
LINEAR LINEAR LINEAR LINEAR LINEAR LINEAR LINEAR LINEAR LINEAR LINEAR LINEAR LINEAR
LINEAR LINEAR LINEAR LINEAR LINEAR LINEAR LINEAR LINEAR LINEAR LINEAR LINEAR LINEAR
LINEAR LINEAR LINEAR LINEAR</Name_array><technique_common><accessor source="#Neck-Interpolations-array" count="39"><param type="name"/></accessor></technique_common></source><sampler id="Neck-Matrix-animation-transform"><input semantic="INPUT" source="#Neck-Matrix-animation-input"/><input semantic="OUTPUT" source="#Neck-Matrix-animation-output-transform"/><input semantic="INTERPOLATION" source="#Neck-Interpolations"/></sampler><channel source="#Neck-Matrix-animation-transform" target="Neck/matrix"/></animation>
    <animation id="Head-anim" name="Head"><source id="Head-Matrix-animation-input"><float_array id="Head-Matrix-animation-input-array" count="39">

0.000000 0.033333 0.066667 0.100000 0.133333 0.166667 0.200000 0.233333 0.266667 0.300000 0.333333 0.366667 0.400000 0.433333 0.466667 0.500000
0.533333 0.566667 0.600000 0.633333 0.666667 0.700000 0.733333 0.766667 0.800000 0.833333 0.866667 0.900000 0.933333 0.966667 1.000000 1.033333
1.066667 1.100000 1.133333 1.166667 1.200000 1.233333 1.266667</float_array><technique_common><accessor source="#Head-Matrix-animation-input-array" count="39"><param name="TIME" type="float"/></accessor></technique_common></source><source id="Head-Matrix-animation-output-transform"><float_array id="Head-Matrix-animation-output-transform-array" count="624">

0.870605 0.103290 0.481017 -0.000000 -0.367155 0.787206 0.495483 5.056400 -0.327481 -0.607978 0.723270 0.719600 0.000000 0.000000 0.000000 1.000000
0.874135 0.100125 0.475251 -0.000000 -0.362578 0.785586 0.501389 5.056400 -0.323149 -0.610597 0.723011 0.719600 0.000000 0.000000 0.000000 1.000000
0.876592 0.096005 0.471560 -0.000000 -0.357965 0.784997 0.505609 5.056400 -0.321632 -0.612015 0.722489 0.719600 0.000000 0.000000 0.000000 1.000000
