<?xml version="1.0" encoding="utf-8"?>
<COLLADA xmlns="http://www.collada.org/2005/11/COLLADASchema" version="1.4.1">
  <asset><contributor><author>Mixamo</author><authoring_tool>COLLADA Mixamo exporter</authoring_tool><comments></comments></contributor><created>2021-02-19T18:00:02Z</created><modified>2021-02-19T18:00:02Z</modified><revision></revision><title></title><unit meter="0.010000"/><up_axis>Y_UP</up_axis></asset>
  <library_animations>
    <animation id="Hips-anim" name="Hips"><source id="Hips-Matrix-animation-input"><float_array id="Hips-Matrix-animation-input-array" count="117">

0.000000 0.033333 0.066667 0.100000 0.133333 0.166667 0.200000 0.233333 0.266667 0.300000 0.333333 0.366667 0.400000 0.433333 0.466667 0.500000
0.533333 0.566667 0.600000 0.633333 0.666667 0.700000 0.733333 0.766667 0.800000 0.833333 0.866667 0.900000 0.933333 0.966667 1.000000 1.033333
1.066667 1.100000 1.133333 1.166667 1.200000 1.233333 1.266667 1.300000 1.333333 1.366667 1.400000 1.433333 1.466667 1.500000 1.533333 1.566667
1.600000 1.633333 1.666667 1.700000 1.733333 1.766667 1.800000 1.833333 1.866667 1.900000 1.933333 1.966667 2.000000 2.033333 2.066667 2.100000
2.133333 2.166667 2.200000 2.233333 2.266667 2.300000 2.333333 2.366667 2.400000 2.433333 2.466667 2.500000 2.533333 2.566667 2.600000 2.633333
2.666667 2.700000 2.733333 2.766667 2.800000 2.833333 2.866667 2.900000 2.933333 2.966667 3.000000 3.033333 3.066667 3.100000 3.133333 3.166667
3.200000 3.233333 3.266667 3.300000 3.333333 3.366667 3.400000 3.433333 3.466667 3.500000 3.533333 3.566667 3.600000 3.633333 3.666667 3.700000
3.733333 3.766667 3.800000 3.833333 3.866667</float_array><technique_common><accessor source="#Hips-Matrix-animation-input-array" count="117"><param name="TIME" type="float"/></accessor></technique_common></source><source id="Hips-Matrix-animation-output-transform"><float_array id="Hips-Matrix-animation-output-transform-array" count="1872">

0.999585 -0.001415 0.028785 -0.076979 0.000907 0.999844 0.017656 99.721062 -0.028806 -0.017623 0.999430 0.977385 0.000000 0.000000 0.000000 1.000000
0.999573 0.000503 0.029232 -0.023289 -0.001001 0.999855 0.017011 99.840836 -0.029219 -0.017033 0.999428 1.338056 0.000000 0.000000 0.000000 1.000000
0.999490 0.002693 0.031823 0.011283 -0.003142 0.999896 0.014064 99.912384 -0.031782 -0.014157 0.999395 1.646677 0.000000 0.000000 0.000000 1.000000
0.999313 0.005574 0.036643 0.021746 -0.005923 0.999938 0.009416 99.981552 -0.036588 -0.009626 0.999284 1.909034 0.000000 0.000000 0.000000 1.000000
0.999025 0.009500 0.043110 0.007340 -0.009689 0.999944 0.004174 100.176323 -0.043068 -0.004588 0.999062 2.136878 0.000000 0.000000 0.000000 1.000000
0.998700 0.014257 0.048937 -0.018967 -0.014345 0.999896 0.001434 100.700600 -0.048911 -0.002135 0.998801 2.369446 0.000000 0.000000 0.000000 1.000000
0.998475 0.018998 0.051840 -0.042042 -0.019325 0.999796 0.005818 101.705803 -0.051719 -0.006811 0.998638 2.632806 0.000000 0.000000 0.000000 1.000000
0.998394 0.022953 0.051791 -0.058613 -0.024153 0.999451 0.022661 103.172867 -0.051242 -0.023876 0.998401 2.886001 0.000000 0.000000 0.000000 1.000000
0.998310 0.026409 0.051760 -0.076311 -0.029330 0.997971 0.056515 104.928017 -0.050163 -0.057937 0.997059 3.000526 0.000000 0.000000 0.000000 1.000000
0.997952 0.030770 0.056083 -0.105916 -0.036727 0.993419 0.108488 106.776146 -0.052375 -0.110326 0.992515 2.807396 0.000000 0.000000 0.000000 1.000000
0.997026 0.037396 0.067378 -0.166863 -0.048623 0.983619 0.173578 108.629532 -0.059783 -0.176338 0.982513 2.169687 0.000000 0.000000 0.000000 1.000000
0.995376 0.046304 0.084162 -0.278490 -0.065443 0.968246 0.241280 110.518814 -0.070318 -0.245672 0.966799 1.036636 0.000000 0.000000 0.000000 1.000000
0.993286 0.055893 0.101283 -0.441197 -0.084197 0.949697 0.301640 112.504677 -0.079329 -0.308142 0.948027 -0.526751 0.000000 0.000000 0.000000 1.000000
0.991472 0.063274 0.113924 -0.621571 -0.099924 0.930295 0.352940 114.646278 -0.083651 -0.361314 0.928684 -2.338362 0.000000 0.000000 0.000000 1.000000
0.990472 0.064547 0.121649 -0.746089 -0.108773 0.908440 0.403615 117.092651 -0.084459 -0.413002 0.906806 -4.135333 0.000000 0.000000 0.000000 1.000000
0.990345 0.055963 0.126829 -0.729559 -0.109237 0.878326 0.465414 120.114967 -0.085351 -0.474775 0.875959 -5.635583 0.000000 0.000000 0.000000 1.000000
0.991088 0.038742 0.127448 -0.492222 -0.102361 0.833760 0.542555 124.009331 -0.085241 -0.550766 0.830296 -6.601678 0.000000 0.000000 0.000000 1.000000
0.993685 0.018616 0.110648 -0.007640 -0.084295 0.774705 0.626679 128.924683 -0.074054 -0.632049 0.771382 -6.891312 0.000000 0.000000 0.000000 1.000000
0.998346 0.003420 0.057397 0.663200 -0.042801 0.710777 0.702114 134.773026 -0.038395 -0.703409 0.709748 -6.478178 0.000000 0.000000 0.000000 1.000000
0.999046 -0.000772 -0.043660 1.424010 0.033425 0.656899 0.753237 141.214706 0.028099 -0.753978 0.656298 -5.455869 0.000000 0.000000 0.000000 1.000000
0.983122 0.005679 -0.182864 2.192830 0.139211 0.625319 0.767852 147.740051 0.118709 -0.780348 0.613974 -4.027201 0.000000 0.000000 0.000000 1.000000
0.944308 0.011102 -0.328876 2.952340 0.251665 0.619547 0.743523 153.842209 0.212009 -0.784881 0.582249 -2.564377 0.000000 0.000000 0.000000 1.000000
0.893806 0.007273 -0.448394 3.710051 0.342303 0.634897 0.692628 159.101501 0.289722 -0.772562 0.564986 -1.455236 0.000000 0.000000 0.000000 1.000000
0.848525 -0.006427 -0.529116 4.508574 0.399459 0.663572 0.632538 163.272690 0.347041 -0.748085 0.565625 -1.012311 0.000000 0.000000 0.000000 1.000000
0.815361 -0.026624 -0.578341 5.359870 0.430547 0.695730 0.574969 166.248901 0.387061 -0.717810 0.578734 -1.279128 0.000000 0.000000 0.000000 1.000000
0.792186 -0.046719 -0.608489 6.139472 0.448042 0.721510 0.527904 168.189056 0.414368 -0.690827 0.592501 -2.049008 0.000000 0.000000 0.000000 1.000000
0.773484 -0.058362 -0.631123 6.727735 0.460215 0.736381 0.495929 169.540054 0.435803 -0.674045 0.596438 -3.080446 0.000000 0.000000 0.000000 1.000000
0.758959 -0.062900 -0.648093 7.027368 0.471046 0.740218 0.479785 170.724777 0.449551 -0.669419 0.591424 -4.145587 0.000000 0.000000 0.000000 1.000000
0.750712 -0.065717 -0.657353 7.050838 0.478052 0.740803 0.471886 172.004089 0.455958 -0.668500 0.587546 -5.149124 0.000000 0.000000 0.000000 1.000000
0.754479 -0.076970 -0.651795 6.857484 0.476718 0.746855 0.463625 173.406052 0.451111 -0.660517 0.600179 -6.237402 0.000000 0.000000 0.000000 1.000000
0.768788 -0.098309 -0.631902 6.542412 0.464072 0.765621 0.445490 174.825912 0.440002 -0.635735 0.634223 -7.581507 0.000000 0.000000 0.000000 1.000000
0.790800 -0.125601 -0.599049 6.176770 0.441557 0.794839 0.416244 176.151779 0.423867 -0.593680 0.684018 -9.119391 0.000000 0.000000 0.000000 1.000000
0.817197 -0.152071 -0.555935 5.889347 0.414129 0.825780 0.382865 177.323227 0.400857 -0.543105 0.737801 -10.633385 0.000000 0.000000 0.000000 1.000000
0.844185 -0.173342 -0.507251 5.814312 0.387734 0.850871 0.354514 178.298401 0.370153 -0.495954 0.785504 -11.849325 0.000000 0.000000 0.000000 1.000000
0.866762 -0.188105 -0.461887 5.985233 0.366393 0.868501 0.333859 179.039948 0.338349 -0.458609 0.821704 -12.510846 0.000000 0.000000 0.000000 1.000000
0.882453 -0.199067 -0.426203 6.371242 0.351802 0.880753 0.317032 179.529922 0.312270 -0.429705 0.847255 -12.849671 0.000000 0.000000 0.000000 1.000000
0.890833 -0.207786 -0.404031 6.832197 0.342421 0.891538 0.296491 179.760651 0.298602 -0.402473 0.865363 -13.045125 0.000000 0.000000 0.000000 1.000000
0.894403 -0.215384 -0.391986 7.230909 0.335120 0.903135 0.268406 179.787949 0.296206 -0.371426 0.879946 -13.243599 0.000000 0.000000 0.000000 1.000000
0.896260 -0.222890 -0.383454 7.490522 0.327800 0.915269 0.234159 179.704758 0.298772 -0.335564 0.893382 -13.490422 0.000000 0.000000 0.000000 1.000000
0.898069 -0.231232 -0.374171 7.632031 0.320593 0.926527 0.196896 179.611404 0.301151 -0.296783 0.906216 -13.772619 0.000000 0.000000 0.000000 1.000000
0.899813 -0.240858 -0.363765 7.742434 0.314207 0.936228 0.157325 179.596481 0.302674 -0.255861 0.918109 -14.102341 0.000000 0.000000 0.000000 1.000000
0.900977 -0.250242 -0.354427 7.893319 0.306659 0.945183 0.112203 179.696091 0.306921 -0.209781 0.928327 -14.513303 0.000000 0.000000 0.000000 1.000000
0.903214 -0.258182 -0.342850 8.074337 0.294796 0.953775 0.058384 179.939499 0.311928 -0.153805 0.937574 -15.158169 0.000000 0.000000 0.000000 1.000000
0.907956 -0.261873 -0.327167 8.220285 0.274940 0.961439 -0.006546 180.346375 0.316266 -0.084008 0.944944 -16.187464 0.000000 0.000000 0.000000 1.000000
0.915535 -0.260841 -0.306199 8.254950 0.247644 0.965381 -0.081921 180.905197 0.316967 -0.000827 0.948436 -17.584404 0.000000 0.000000 0.000000 1.000000
0.924469 -0.257982 -0.280719 8.147176 0.218534 0.961897 -0.164306 181.611679 0.312410 0.090549 0.945622 -19.195639 0.000000 0.000000 0.000000 1.000000
0.933114 -0.257611 -0.250867 7.912893 0.195464 0.948980 -0.247450 182.477249 0.301814 0.181864 0.935860 -20.744316 0.000000 0.000000 0.000000 1.000000
0.941361 -0.260280 -0.214695 7.568928 0.183174 0.928626 -0.322646 183.495972 0.283350 0.264400 0.921849 -21.891895 0.000000 0.000000 0.000000 1.000000
0.950502 -0.259860 -0.170346 7.093984 0.179759 0.907063 -0.380688 184.573517 0.253440 0.331223 0.908878 -22.335384 0.000000 0.000000 0.000000 1.000000
0.961452 -0.245337 -0.124173 6.457329 0.173808 0.892164 -0.416935 185.545670 0.213072 0.379281 0.900414 -22.001745 0.000000 0.000000 0.000000 1.000000
0.973923 -0.211344 -0.082511 5.682323 0.155783 0.887330 -0.434024 186.352310 0.164942 0.409852 0.897115 -21.130913 0.000000 0.000000 0.000000 1.000000
0.985365 -0.163475 -0.048297 4.884151 0.125699 0.888221 -0.441886 187.034912 0.115135 0.429348 0.895770 -20.054760 0.000000 0.000000 0.000000 1.000000
0.992692 -0.119423 -0.017324 4.194248 0.098769 0.886568 -0.451931 187.743820 0.069330 0.446917 0.891885 -19.052963 0.000000 0.000000 0.000000 1.000000
0.994573 -0.102243 0.019236 3.651795 0.099282 0.877491 -0.469204 188.733353 0.031094 0.468567 0.882880 -18.212461 0.000000 0.000000 0.000000 1.000000
0.990254 -0.122158 0.066891 3.200465 0.139259 0.861781 -0.487792 190.120255 0.001943 0.492353 0.870393 -17.422445 0.000000 0.000000 0.000000 1.000000
0.976368 -0.175295 0.126400 2.749868 0.215213 0.842009 -0.494676 191.822113 -0.019716 0.510189 0.859836 -16.580585 0.000000 0.000000 0.000000 1.000000
0.949383 -0.249933 0.190278 2.257186 0.312123 0.818802 -0.481811 193.717133 -0.035379 0.516813 0.855367 -15.775692 0.000000 0.000000 0.000000 1.000000
0.909992 -0.332561 0.247625 1.747129 0.412269 0.789316 -0.454989 195.829941 -0.044143 0.516125 0.855375 -15.236421 0.000000 0.000000 0.000000 1.000000
0.861387 -0.413473 0.295048 1.243732 0.506061 0.748613 -0.428346 198.207657 -0.043767 0.518284 0.854088 -15.103288 0.000000 0.000000 0.000000 1.000000
0.805873 -0.486744 0.337117 0.728469 0.591080 0.694575 -0.410110 200.814331 -0.034534 0.529760 0.847444 -15.323056 0.000000 0.000000 0.000000 1.000000
0.744918 -0.549774 0.377949 0.154625 0.666806 0.631877 -0.395096 203.493134 -0.021604 0.546333 0.837289 -15.717645 0.000000 0.000000 0.000000 1.000000
0.682970 -0.602008 0.413689 -0.491080 0.730332 0.572840 -0.372116 206.025009 -0.012961 0.556274 0.830898 -16.139002 0.000000 0.000000 0.000000 1.000000
0.628800 -0.644657 0.434774 -1.129398 0.777439 0.531390 -0.336472 208.242035 -0.014126 0.549584 0.835319 -16.556496 0.000000 0.000000 0.000000 1.000000
0.590826 -0.679020 0.435725 -1.617844 0.806426 0.513438 -0.293358 210.084061 -0.024522 0.524703 0.850932 -17.022331 0.000000 0.000000 0.000000 1.000000
0.571716 -0.704024 0.421296 -1.839482 0.819516 0.514549 -0.252258 211.552795 -0.039182 0.489479 0.871135 -17.567221 0.000000 0.000000 0.000000 1.000000
0.568250 -0.717525 0.402803 -1.759164 0.821097 0.526437 -0.220597 212.634186 -0.053767 0.456094 0.888306 -18.118443 0.000000 0.000000 0.000000 1.000000
0.575366 -0.719675 0.388615 -1.420107 0.815072 0.543973 -0.199376 213.258179 -0.067910 0.431463 0.899571 -18.542419 0.000000 0.000000 0.000000 1.000000
0.589541 -0.714135 0.377429 -0.884509 0.803337 0.567096 -0.181800 213.321503 -0.084209 0.410381 0.908018 -18.790672 0.000000 0.000000 0.000000 1.000000
0.608537 -0.706831 0.360657 -0.172019 0.786665 0.597000 -0.157316 212.785690 -0.104116 0.379449 0.919336 -18.964178 0.000000 0.000000 0.000000 1.000000
0.628765 -0.703093 0.332136 0.664529 0.767443 0.629897 -0.119422 211.788147 -0.125246 0.329984 0.935641 -19.192535 0.000000 0.000000 0.000000 1.000000
0.644925 -0.704970 0.295108 1.438233 0.750634 0.656862 -0.071280 210.604828 -0.143595 0.267488 0.952801 -19.457270 0.000000 0.000000 0.000000 1.000000
0.653565 -0.711153 0.259063 1.883106 0.740255 0.671933 -0.022995 209.450882 -0.157720 0.206801 0.965587 -19.596901 0.000000 0.000000 0.000000 1.000000
0.656349 -0.718507 0.230114 1.823470 0.735389 0.677416 0.017628 208.360687 -0.168549 0.157653 0.973004 -19.518816 0.000000 0.000000 0.000000 1.000000
0.658979 -0.723660 0.205090 1.347657 0.731619 0.679983 0.048540 207.312073 -0.174585 0.118061 0.977539 -19.353872 0.000000 0.000000 0.000000 1.000000
0.666186 -0.724778 0.175763 0.840145 0.726559 0.683899 0.066289 206.528168 -0.168249 0.083541 0.982198 -19.272984 0.000000 0.000000 0.000000 1.000000
0.678343 -0.721680 0.137946 0.797118 0.721712 0.689667 0.059083 206.637939 -0.137776 0.059478 0.988676 -19.153893 0.000000 0.000000 0.000000 1.000000
0.693251 -0.714402 0.095042 1.513361 0.716846 0.697138 0.011394 208.349014 -0.074398 0.060232 0.995408 -18.621925 0.000000 0.000000 0.000000 1.000000
0.709346 -0.702845 0.053274 2.890047 0.704560 0.704807 -0.082722 211.886963 0.020593 0.096213 0.995148 -17.464487 0.000000 0.000000 0.000000 1.000000
0.724724 -0.688860 0.015717 4.531263 0.675604 0.705925 -0.212670 216.750244 0.135405 0.164745 0.976998 -15.822682 0.000000 0.000000 0.000000 1.000000
0.735872 -0.676882 -0.017956 6.067493 0.627233 0.691407 -0.358516 222.188278 0.255088 0.252560 0.933351 -13.988923 0.000000 0.000000 0.000000 1.000000
0.739350 -0.671609 -0.047990 7.484838 0.563396 0.656101 -0.502112 227.835114 0.368709 0.344200 0.863470 -12.049945 0.000000 0.000000 0.000000 1.000000
0.734735 -0.674261 -0.074407 8.813982 0.488851 0.602334 -0.631046 233.519669 0.470308 0.427278 0.772169 -9.925342 0.000000 0.000000 0.000000 1.000000
0.722491 -0.684606 -0.096545 9.910889 0.411097 0.537661 -0.736152 238.941559 0.555883 0.492174 0.669895 -7.665670 0.000000 0.000000 0.000000 1.000000
0.701968 -0.703299 -0.112299 10.710884 0.343213 0.472207 -0.811927 243.659485 0.624056 0.531405 0.572856 -5.354329 0.000000 0.000000 0.000000 1.000000
0.671169 -0.731742 -0.118680 11.242901 0.301989 0.416100 -0.857708 246.968063 0.677004 0.539827 0.500252 -2.964443 0.000000 0.000000 0.000000 1.000000
0.632865 -0.764157 -0.124683 11.606737 0.284781 0.379483 -0.880280 248.814957 0.719987 0.521591 0.457779 -0.475383 0.000000 0.000000 0.000000 1.000000
0.590894 -0.792912 -0.148778 11.966349 0.269455 0.367800 -0.890010 250.030228 0.760420 0.485812 0.430985 1.545054 0.000000 0.000000 0.000000 1.000000
0.543783 -0.818547 -0.185152 12.422287 0.266212 0.377472 -0.886931 250.065460 0.795884 0.433008 0.423170 3.515885 0.000000 0.000000 0.000000 1.000000
0.492993 -0.838528 -0.232008 12.975870 0.273279 0.402413 -0.873718 249.174240 0.826000 0.367334 0.427539 5.675531 0.000000 0.000000 0.000000 1.000000
0.438146 -0.851385 -0.288393 13.618042 0.283263 0.435253 -0.854586 247.868423 0.853106 0.292743 0.431870 8.028066 0.000000 0.000000 0.000000 1.000000
0.377618 -0.856634 -0.351544 14.357937 0.289926 0.469946 -0.833723 246.427643 0.879402 0.212907 0.425821 10.615972 0.000000 0.000000 0.000000 1.000000
0.310049 -0.854141 -0.417507 15.184398 0.288534 0.502973 -0.814718 245.060699 0.905880 0.132137 0.402395 13.485643 0.000000 0.000000 0.000000 1.000000
0.237209 -0.844022 -0.480997 16.048094 0.276878 0.533332 -0.799310 243.951752 0.931166 0.056425 0.360202 16.596329 0.000000 0.000000 0.000000 1.000000
0.165650 -0.827138 -0.537032 16.887789 0.256228 0.561952 -0.786484 243.211533 0.952317 -0.007322 0.305024 19.800856 0.000000 0.000000 0.000000 1.000000
0.103614 -0.805027 -0.584120 17.639061 0.230630 0.590720 -0.773214 242.831818 0.967509 -0.054599 0.246871 22.889494 0.000000 0.000000 0.000000 1.000000
0.056476 -0.778543 -0.625045 18.263735 0.203687 0.621862 -0.756174 242.732590 0.977406 -0.084607 0.193699 25.694012 0.000000 0.000000 0.000000 1.000000
0.026190 -0.747209 -0.664072 18.762716 0.176823 0.657288 -0.732602 242.832504 0.983894 -0.098237 0.149339 28.178137 0.000000 0.000000 0.000000 1.000000
0.013292 -0.710440 -0.703632 19.142998 0.151288 0.697022 -0.700908 243.081406 0.988400 -0.097135 0.116746 30.399534 0.000000 0.000000 0.000000 1.000000
0.016146 -0.669381 -0.742744 19.387835 0.130135 0.737929 -0.662212 243.464218 0.991365 -0.085965 0.099024 32.399342 0.000000 0.000000 0.000000 1.000000
0.030372 -0.627196 -0.778269 19.459080 0.116790 0.775521 -0.620425 244.000397 0.992692 -0.072050 0.096804 34.158295 0.000000 0.000000 0.000000 1.000000
0.053114 -0.586394 -0.808283 19.322849 0.113301 0.807737 -0.578553 244.743546 0.992140 -0.060850 0.109341 35.662506 0.000000 0.000000 0.000000 1.000000
0.085558 -0.545503 -0.833730 18.976139 0.119648 0.836368 -0.534951 245.775208 0.989123 -0.053985 0.136826 36.976540 0.000000 0.000000 0.000000 1.000000
0.129936 -0.500258 -0.856072 18.453033 0.133544 0.864354 -0.484828 247.162949 0.982488 -0.051326 0.179117 38.228966 0.000000 0.000000 0.000000 1.000000
0.186555 -0.448310 -0.874194 17.807762 0.150414 0.892358 -0.425526 248.898697 0.970862 -0.052107 0.233906 39.532017 0.000000 0.000000 0.000000 1.000000
0.253027 -0.390896 -0.884973 17.091879 0.164300 0.918814 -0.358867 250.897202 0.953406 -0.054598 0.296709 40.920792 0.000000 0.000000 0.000000 1.000000
0.325021 -0.330672 -0.886012 16.343195 0.170380 0.942022 -0.289075 253.047562 0.930232 -0.057003 0.362517 42.356808 0.000000 0.000000 0.000000 1.000000
0.397749 -0.269938 -0.876886 15.590230 0.166598 0.961101 -0.220295 255.246155 0.902242 -0.058465 0.427248 43.773506 0.000000 0.000000 0.000000 1.000000
0.467040 -0.210834 -0.858733 14.861047 0.153779 0.975726 -0.155922 257.406677 0.870761 -0.059233 0.488125 45.108414 0.000000 0.000000 0.000000 1.000000
0.529578 -0.155533 -0.833880 14.184335 0.134182 0.986030 -0.098695 259.441315 0.837581 -0.059625 0.543050 46.321487 0.000000 0.000000 0.000000 1.000000
0.583174 -0.105835 -0.805424 13.582562 0.110609 0.992588 -0.050341 261.273041 0.804782 -0.059730 0.590558 47.390152 0.000000 0.000000 0.000000 1.000000
0.627049 -0.062685 -0.776454 13.067019 0.085689 0.996259 -0.011230 262.853485 0.774253 -0.059491 0.630074 48.304440 0.000000 0.000000 0.000000 1.000000
0.661607 -0.026461 -0.749383 12.639351 0.061767 0.997904 0.019296 264.169800 0.747302 -0.059053 0.661855 49.060959 0.000000 0.000000 0.000000 1.000000
0.687737 0.002627 -0.725955 12.298362 0.040747 0.998277 0.042214 265.223541 0.724815 -0.058613 0.686446 49.660465 0.000000 0.000000 0.000000 1.000000
0.706305 0.024360 -0.707489 12.044020 0.024079 0.998003 0.058403 266.012512 0.707498 -0.058286 0.704307 50.104523 0.000000 0.000000 0.000000 1.000000
0.718256 0.038873 -0.694692 11.873882 0.012525 0.997554 0.068770 266.542145 0.695666 -0.058095 0.716013 50.399734 0.000000 0.000000 0.000000 1.000000
0.725038 0.047305 -0.687082 11.775190 0.005660 0.997195 0.074628 266.850830 0.688685 -0.057997 0.722737 50.570385 0.000000 0.000000 0.000000 1.000000
0.728231 0.051333 -0.683407 11.729260 0.002336 0.996999 0.077377 266.996002 0.685328 -0.057945 0.725926 50.650234 0.000000 0.000000 0.000000 1.000000</float_array><technique_common><accessor source="#Hips-Matrix-animation-output-transform-array" count="117" stride="16"><param type="float4x4"/></accessor></technique_common></source><source id="Hips-Interpolations"><Name_array id="Hips-Interpolations-array" count="117">
 LINEAR LINEAR LINEAR LINEAR LINEAR LINEAR LINEAR LINEAR LINEAR LINEAR LINEAR
LINEAR LINEAR LINEAR LINEAR LINEAR LINEAR LINEAR LINEAR LINEAR LINEAR LINEAR LINEAR
LINEAR LINEAR LINEAR LINEAR LINEAR LINEAR LINEAR LINEAR LINEAR LINEAR LINEAR LINEAR
LINEAR LINEAR LINEAR LINEAR LINEAR LINEAR LINEAR LINEAR LINEAR LINEAR LINEAR LINEAR
LINEAR LINEAR LINEAR LINEAR LINEAR LINEAR LINEAR LINEAR LINEAR LINEAR LINEAR LINEAR
LINEAR LINEAR LINEAR LINEAR LINEAR LINEAR LINEAR LINEAR LINEAR LINEAR LINEAR LINEAR
LINEAR LINEAR LINEAR LINEAR LINEAR LINEAR LINEAR LINEAR LINEAR LINEAR LINEAR LINEAR
LINEAR LINEAR LINEAR LINEAR LINEAR LINEAR LINEAR LINEAR LINEAR LINEAR LINEAR LINEAR
LINEAR LINEAR LINEAR LINEAR LINEAR LINEAR LINEAR LINEAR LINEAR LINEAR LINEAR LINEAR
LINEAR LINEAR LINEAR LINEAR LINEAR LINEAR LINEAR LINEAR LINEAR LINEAR</Name_array><technique_common><accessor source="#Hips-Interpolations-array" count="117"><param type="name"/></accessor></technique_common></source><sampler id="Hips-Matrix-animation-transform"><input semantic="INPUT" source="#Hips-Matrix-animation-input"/><input semantic="OUTPUT" source="#Hips-Matrix-animation-output-transform"/><input semantic="INTERPOLATION" source="#Hips-Interpolations"/></sampler><channel source="#Hips-Matrix-animation-transform" target="Hips/matrix"/></animation>
    <animation id="Spine-anim" name="Spine"><source id="Spine-Matrix-animation-input"><float_array id="Spine-Matrix-animation-input-array" count="117">

0.000000 0.033333 0.066667 0.100000 0.133333 0.166667 0.200000 0.233333 0.266667 0.300000 0.333333 0.366667 0.400000 0.433333 0.466667 0.500000
0.533333 0.566667 0.600000 0.633333 0.666667 0.700000 0.733333 0.766667 0.800000 0.833333 0.866667 0.900000 0.933333 0.966667 1.000000 1.033333
1.066667 1.100000 1.133333 1.166667 1.200000 1.233333 1.266667 1.300000 1.333333 1.366667 1.400000 1.433333 1.466667 1.500000 1.533333 1.566667
1.600000 1.633333 1.666667 1.700000 1.733333 1.766667 1.800000 1.833333 1.866667 1.900000 1.933333 1.966667 2.000000 2.033333 2.066667 2.100000
2.133333 2.166667 2.200000 2.233333 2.266667 2.300000 2.333333 2.366667 2.400000 2.433333 2.466667 2.500000 2.533333 2.566667 2.600000 2.633333
2.666667 2.700000 2.733333 2.766667 2.800000 2.833333 2.866667 2.900000 2.933333 2.966667 3.000000 3.033333 3.066667 3.100000 3.133333 3.166667
3.200000 3.233333 3.266667 3.300000 3.333333 3.366667 3.400000 3.433333 3.466667 3.500000 3.533333 3.566667 3.600000 3.633333 3.666667 3.700000
3.733333 3.766667 3.800000 3.833333 3.866667</float_array><technique_common><accessor source="#Spine-Matrix-animation-input-array" count="117"><param name="TIME" type="float"/></accessor></technique_common></source><source id="Spine-Matrix-animation-output-transform"><float_array id="Spine-Matrix-animation-output-transform-array" count="1872">

0.999989 -0.004103 -0.002097 0.009000 0.004201 0.998793 0.048934 7.062600 0.001894 -0.048943 0.998800 -0.984700 0.000000 0.000000 0.000000 1.000000
0.999985 -0.004709 -0.002827 0.009000 0.004844 0.998737 0.050010 7.062600 0.002588 -0.050023 0.998745 -0.984700 0.000000 0.000000 0.000000 1.000000
0.999981 -0.005554 -0.002831 0.009000 0.005695 0.998610 0.052394 7.062600 0.002536 -0.052409 0.998623 -0.984700 0.000000 0.000000 0.000000 1.000000
0.999975 -0.006667 -0.002413 0.009000 0.006792 0.998399 0.056153 7.062600 0.002035 -0.056168 0.998419 -0.984700 0.000000 0.000000 0.000000 1.000000
0.999967 -0.007919 -0.001928 0.009000 0.008023 0.998069 0.061596 7.062600 0.001436 -0.061609 0.998099 -0.984700 0.000000 0.000000 0.000000 1.000000
0.999959 -0.008877 -0.001955 0.009000 0.008990 0.997610 0.068506 7.062600 0.001342 -0.068521 0.997649 -0.984700 0.000000 0.000000 0.000000 1.000000
0.999955 -0.009055 -0.002849 0.009000 0.009246 0.997050 0.076192 7.062600 0.002151 -0.076215 0.997089 -0.984700 0.000000 0.000000 0.000000 1.000000
0.999954 -0.008387 -0.004573 0.009000 0.008739 0.996472 0.083471 7.062600 0.003857 -0.083507 0.996500 -0.984700 0.000000 0.000000 0.000000 1.000000
0.999948 -0.007448 -0.006921 0.009000 0.008032 0.996027 0.088690 7.062600 0.006233 -0.088741 0.996035 -0.984700 0.000000 0.000000 0.000000 1.000000
0.999926 -0.007176 -0.009805 0.009000 0.008031 0.995902 0.090077 7.062600 0.009119 -0.090149 0.995887 -0.984700 0.000000 0.000000 0.000000 1.000000
0.999879 -0.008296 -0.013168 0.009000 0.009404 0.996213 0.086435 7.062600 0.012401 -0.086549 0.996170 -0.984700 0.000000 0.000000 0.000000 1.000000
0.999805 -0.010783 -0.016562 0.009000 0.012039 0.996901 0.077744 7.062600 0.015672 -0.077928 0.996836 -0.984700 0.000000 0.000000 0.000000 1.000000
0.999726 -0.013773 -0.018917 0.009000 0.014978 0.997765 0.065119 7.062600 0.017978 -0.065385 0.997698 -0.984700 0.000000 0.000000 0.000000 1.000000
0.999686 -0.016116 -0.019211 0.009000 0.017061 0.998599 0.050092 7.062600 0.018377 -0.050404 0.998560 -0.984700 0.000000 0.000000 0.000000 1.000000
0.999709 -0.016757 -0.017335 0.009000 0.017335 0.999279 0.033764 7.062600 0.016757 -0.034055 0.999279 -0.984700 0.000000 0.000000 0.000000 1.000000
0.999793 -0.014780 -0.013964 0.009000 0.015012 0.999749 0.016603 7.062600 0.013715 -0.016809 0.999765 -0.984700 0.000000 0.000000 0.000000 1.000000
0.999874 -0.012463 -0.009865 0.009000 0.012453 0.999922 -0.001029 7.062600 0.009877 0.000906 0.999951 -0.984700 0.000000 0.000000 0.000000 1.000000
0.999911 -0.012673 -0.004244 0.009000 0.012595 0.999756 -0.018140 7.062600 0.004473 0.018085 0.999826 -0.984700 0.000000 0.000000 0.000000 1.000000
0.999874 -0.015257 0.004359 0.009000 0.015393 0.999330 -0.033220 7.062600 -0.003849 0.033283 0.999439 -0.984700 0.000000 0.000000 0.000000 1.000000
0.999708 -0.017994 0.016121 0.009000 0.018708 0.998798 -0.045316 7.062600 -0.015286 0.045604 0.998843 -0.984700 0.000000 0.000000 0.000000 1.000000
0.999380 -0.020368 0.028732 0.009000 0.021926 0.998246 -0.054984 7.062600 -0.027562 0.055580 0.998074 -0.984700 0.000000 0.000000 0.000000 1.000000
0.999105 -0.019878 0.037327 0.009000 0.022245 0.997696 -0.064096 7.062600 -0.035967 0.064869 0.997245 -0.984700 0.000000 0.000000 0.000000 1.000000
0.999102 -0.019113 0.037827 0.009000 0.021884 0.996998 -0.074265 7.062600 -0.036294 0.075026 0.996521 -0.984700 0.000000 0.000000 0.000000 1.000000
0.999245 -0.021803 0.032149 0.009000 0.024497 0.996001 -0.085917 7.062600 -0.030147 0.086640 0.995783 -0.984700 0.000000 0.000000 0.000000 1.000000
0.999348 -0.025843 0.025198 0.009000 0.028212 0.994718 -0.098696 7.062600 -0.022514 0.099343 0.994799 -0.984700 0.000000 0.000000 0.000000 1.000000
0.999449 -0.027299 0.018902 0.009000 0.029244 0.993310 -0.111717 7.062600 -0.015726 0.112208 0.993560 -0.984700 0.000000 0.000000 0.000000 1.000000
0.999469 -0.027812 0.016998 0.009000 0.029706 0.991860 -0.123817 7.062600 -0.013416 0.124256 0.992159 -0.984700 0.000000 0.000000 0.000000 1.000000
0.999465 -0.026768 0.018800 0.009000 0.029053 0.990536 -0.134145 7.062600 -0.015031 0.134620 0.990783 -0.984700 0.000000 0.000000 0.000000 1.000000
0.999346 -0.026530 0.024553 0.009000 0.029760 0.989383 -0.142255 7.062600 -0.020518 0.142893 0.989525 -0.984700 0.000000 0.000000 0.000000 1.000000
0.999322 -0.024943 0.027073 0.009000 0.028690 0.988530 -0.148278 7.062600 -0.023064 0.148954 0.988575 -0.984700 0.000000 0.000000 0.000000 1.000000
0.999376 -0.022491 0.027227 0.009000 0.026390 0.987941 -0.152568 7.062600 -0.023467 0.153191 0.987918 -0.984700 0.000000 0.000000 0.000000 1.000000
0.999521 -0.018681 0.024654 0.009000 0.022296 0.987564 -0.155628 7.062600 -0.021440 0.156103 0.987508 -0.984700 0.000000 0.000000 0.000000 1.000000
0.999721 -0.013826 0.019132 0.009000 0.016676 0.987321 -0.157857 7.062600 -0.016706 0.158132 0.987277 -0.984700 0.000000 0.000000 0.000000 1.000000
0.999899 -0.008638 0.011277 0.009000 0.010326 0.987157 -0.159416 7.062600 -0.009755 0.159517 0.987147 -0.984700 0.000000 0.000000 0.000000 1.000000
0.999978 -0.004583 0.004700 0.009000 0.005277 0.987061 -0.160259 7.062600 -0.003905 0.160281 0.987064 -0.984700 0.000000 0.000000 0.000000 1.000000
0.999999 -0.001452 -0.000633 0.009000 0.001332 0.987062 -0.160334 7.062600 0.000858 0.160333 0.987063 -0.984700 0.000000 0.000000 0.000000 1.000000
0.999995 0.000381 -0.003276 0.009000 -0.000899 0.987165 -0.159700 7.062600 0.003173 0.159702 0.987160 -0.984700 0.000000 0.000000 0.000000 1.000000
0.999993 0.001048 -0.003638 0.009000 -0.001612 0.987343 -0.158592 7.062600 0.003426 0.158597 0.987338 -0.984700 0.000000 0.000000 0.000000 1.000000
0.999996 0.000958 -0.002807 0.009000 -0.001387 0.987544 -0.157334 7.062600 0.002622 0.157337 0.987541 -0.984700 0.000000 0.000000 0.000000 1.000000
0.999999 0.000479 -0.001590 0.009000 -0.000722 0.987720 -0.156233 7.062600 0.001495 0.156234 0.987719 -0.984700 0.000000 0.000000 0.000000 1.000000
1.000000 -0.000179 -0.000379 0.009000 0.000117 0.987833 -0.155518 7.062600 0.000402 0.155518 0.987833 -0.984700 0.000000 0.000000 0.000000 1.000000
0.999996 -0.001505 0.002431 0.009000 0.001865 0.987864 -0.155312 7.062600 -0.002168 0.155316 0.987863 -0.984700 0.000000 0.000000 0.000000 1.000000
0.999987 -0.002634 0.004326 0.009000 0.003275 0.987811 -0.155624 7.062600 -0.003864 0.155636 0.987807 -0.984700 0.000000 0.000000 0.000000 1.000000
0.999974 -0.003595 0.006239 0.009000 0.004527 0.987698 -0.156308 7.062600 -0.005600 0.156332 0.987689 -0.984700 0.000000 0.000000 0.000000 1.000000
0.999957 -0.004013 0.008396 0.009000 0.005281 0.987587 -0.156984 7.062600 -0.007661 0.157022 0.987565 -0.984700 0.000000 0.000000 0.000000 1.000000
0.999934 -0.003372 0.010960 0.009000 0.005051 0.987591 -0.156965 7.062600 -0.010294 0.157011 0.987543 -0.984700 0.000000 0.000000 0.000000 1.000000
0.999905 -0.001416 0.013687 0.009000 0.003525 0.987859 -0.155313 7.062600 -0.013301 0.155346 0.987770 -0.984700 0.000000 0.000000 0.000000 1.000000
0.999872 0.001327 0.015920 0.009000 0.001094 0.988515 -0.151122 7.062600 -0.015938 0.151120 0.988387 -0.984700 0.000000 0.000000 0.000000 1.000000
0.999862 0.003874 0.016157 0.009000 -0.001508 0.989581 -0.143972 7.062600 -0.016546 0.143928 0.989450 -0.984700 0.000000 0.000000 0.000000 1.000000
0.999842 0.004268 0.017237 0.009000 -0.001916 0.990952 -0.134206 7.062600 -0.017654 0.134152 0.990804 -0.984700 0.000000 0.000000 0.000000 1.000000
0.999822 0.001518 0.018794 0.009000 0.000804 0.992414 -0.122937 7.062600 -0.018838 0.122930 0.992237 -0.984700 0.000000 0.000000 0.000000 1.000000
0.999801 -0.004437 0.019443 0.009000 0.006581 0.993722 -0.111684 7.062600 -0.018825 0.111790 0.993554 -0.984700 0.000000 0.000000 0.000000 1.000000
0.999809 -0.010848 0.016238 0.009000 0.012448 0.994715 -0.101917 7.062600 -0.015047 0.102100 0.994660 -0.984700 0.000000 0.000000 0.000000 1.000000
0.999912 -0.011527 0.006563 0.009000 0.012097 0.995435 -0.094670 7.062600 -0.005442 0.094741 0.995487 -0.984700 0.000000 0.000000 0.000000 1.000000
0.999959 -0.005511 -0.007201 0.009000 0.004837 0.995887 -0.090472 7.062600 0.007670 0.090434 0.995873 -0.984700 0.000000 0.000000 0.000000 1.000000
0.999714 0.004833 -0.023441 0.009000 -0.006922 0.995931 -0.089858 7.062600 0.022912 0.089994 0.995679 -0.984700 0.000000 0.000000 0.000000 1.000000
0.999015 0.016250 -0.041300 0.009000 -0.020050 0.995432 -0.093339 7.062600 0.039595 0.094075 0.994777 -0.984700 0.000000 0.000000 0.000000 1.000000
0.997953 0.025456 -0.058670 0.009000 -0.031290 0.994418 -0.100764 7.062600 0.055777 0.102394 0.993179 -0.984700 0.000000 0.000000 0.000000 1.000000
0.996755 0.031948 -0.073890 0.009000 -0.040029 0.993059 -0.110598 7.062600 0.069844 0.113196 0.991115 -0.984700 0.000000 0.000000 0.000000 1.000000
0.995594 0.036518 -0.086361 0.009000 -0.046795 0.991653 -0.120143 7.062600 0.081253 0.123655 0.988993 -0.984700 0.000000 0.000000 0.000000 1.000000
0.994480 0.040438 -0.096823 0.009000 -0.052631 0.990520 -0.126889 7.062600 0.090774 0.131285 0.987180 -0.984700 0.000000 0.000000 0.000000 1.000000
0.993387 0.044272 -0.105930 0.009000 -0.057998 0.989787 -0.130223 7.062600 0.099083 0.135506 0.985810 -0.984700 0.000000 0.000000 0.000000 1.000000
0.992407 0.047613 -0.113408 0.009000 -0.062532 0.989294 -0.131858 7.062600 0.105915 0.137948 0.984760 -0.984700 0.000000 0.000000 0.000000 1.000000
0.991628 0.049746 -0.119162 0.009000 -0.065721 0.988783 -0.134126 7.062600 0.111153 0.140834 0.983774 -0.984700 0.000000 0.000000 0.000000 1.000000
0.991007 0.049691 -0.124244 0.009000 -0.066817 0.988216 -0.137715 7.062600 0.115936 0.144778 0.982649 -0.984700 0.000000 0.000000 0.000000 1.000000
0.990413 0.046237 -0.130168 0.009000 -0.064672 0.987871 -0.141166 7.062600 0.122062 0.148231 0.981391 -0.984700 0.000000 0.000000 0.000000 1.000000
0.989706 0.039135 -0.137658 0.009000 -0.058899 0.988030 -0.142573 7.062600 0.130431 0.149214 0.980165 -0.984700 0.000000 0.000000 0.000000 1.000000
0.988773 0.030494 -0.146282 0.009000 -0.051426 0.988599 -0.141519 7.062600 0.140299 0.147453 0.979068 -0.984700 0.000000 0.000000 0.000000 1.000000
0.987609 0.024372 -0.155029 0.009000 -0.046275 0.989170 -0.139287 7.062600 0.149955 0.144735 0.978042 -0.984700 0.000000 0.000000 0.000000 1.000000
0.986361 0.024773 -0.162722 0.009000 -0.047505 0.989385 -0.137334 7.062600 0.157593 0.143191 0.977067 -0.984700 0.000000 0.000000 0.000000 1.000000
0.985215 0.033871 -0.167943 0.009000 -0.057159 0.989081 -0.135837 7.062600 0.161508 0.143428 0.976393 -0.984700 0.000000 0.000000 0.000000 1.000000
0.984176 0.051121 -0.169662 0.009000 -0.074438 0.988174 -0.134053 7.062600 0.160803 0.144561 0.976342 -0.984700 0.000000 0.000000 0.000000 1.000000
0.982918 0.073784 -0.168608 0.009000 -0.096665 0.986553 -0.131792 7.062600 0.156617 0.145839 0.976833 -0.984700 0.000000 0.000000 0.000000 1.000000
0.981040 0.097983 -0.167210 0.009000 -0.120430 0.984192 -0.129854 7.062600 0.151843 0.147529 0.977332 -0.984700 0.000000 0.000000 0.000000 1.000000
0.978744 0.118767 -0.167193 0.009000 -0.141148 0.981544 -0.129031 7.062600 0.148783 0.149887 0.977444 -0.984700 0.000000 0.000000 0.000000 1.000000
0.977363 0.130382 -0.166622 0.009000 -0.152699 0.979819 -0.128984 7.062600 0.146442 0.151507 0.977548 -0.984700 0.000000 0.000000 0.000000 1.000000
0.978636 0.128826 -0.160234 0.009000 -0.150071 0.980300 -0.128418 7.062600 0.140533 0.149721 0.978690 -0.984700 0.000000 0.000000 0.000000 1.000000
0.982971 0.113921 -0.144186 0.009000 -0.132488 0.983080 -0.126492 7.062600 0.127337 0.143441 0.981433 -0.984700 0.000000 0.000000 0.000000 1.000000
0.988625 0.090403 -0.120203 0.009000 -0.105229 0.986771 -0.123332 7.062600 0.107463 0.134578 0.985059 -0.984700 0.000000 0.000000 0.000000 1.000000
0.993385 0.065997 -0.093972 0.009000 -0.077090 0.989803 -0.119777 7.062600 0.085109 0.126229 0.988343 -0.984700 0.000000 0.000000 0.000000 1.000000
0.996420 0.046087 -0.070870 0.009000 -0.054193 0.991644 -0.117073 7.062600 0.064882 0.120494 0.990591 -0.984700 0.000000 0.000000 0.000000 1.000000
0.998240 0.029268 -0.051582 0.009000 -0.035118 0.992579 -0.116423 7.062600 0.047792 0.118029 0.991859 -0.984700 0.000000 0.000000 0.000000 1.000000
0.999323 0.013044 -0.034408 0.009000 -0.017034 0.992829 -0.118320 7.062600 0.032618 0.118826 0.992379 -0.984700 0.000000 0.000000 0.000000 1.000000
0.999788 -0.000840 -0.020575 0.009000 -0.001687 0.992469 -0.122486 7.062600 0.020523 0.122495 0.992257 -0.984700 0.000000 0.000000 0.000000 1.000000
0.999805 -0.007573 -0.018217 0.009000 0.005178 0.991752 -0.128070 7.062600 0.019037 0.127951 0.991598 -0.984700 0.000000 0.000000 0.000000 1.000000
0.999682 -0.010269 -0.023030 0.009000 0.007090 0.990947 -0.134069 7.062600 0.024198 0.133863 0.990704 -0.984700 0.000000 0.000000 0.000000 1.000000
0.999806 -0.013137 -0.014673 0.009000 0.010959 0.990128 -0.139739 7.062600 0.016364 0.139551 0.990080 -0.984700 0.000000 0.000000 0.000000 1.000000
0.999894 -0.012394 -0.007600 0.009000 0.011165 0.989434 -0.144553 7.062600 0.009312 0.144453 0.989468 -0.984700 0.000000 0.000000 0.000000 1.000000
0.999943 -0.009142 -0.005480 0.009000 0.008228 0.988892 -0.148408 7.062600 0.006776 0.148354 0.988911 -0.984700 0.000000 0.000000 0.000000 1.000000
0.999971 -0.004149 -0.006401 0.009000 0.003133 0.988484 -0.151291 7.062600 0.006955 0.151266 0.988469 -0.984700 0.000000 0.000000 0.000000 1.000000
0.999960 0.002127 -0.008664 0.009000 -0.003430 0.988178 -0.153270 7.062600 0.008236 0.153294 0.988146 -0.984700 0.000000 0.000000 0.000000 1.000000
0.999908 0.009230 -0.009940 0.009000 -0.010655 0.987939 -0.154476 7.062600 0.008395 0.154568 0.987947 -0.984700 0.000000 0.000000 0.000000 1.000000
0.999828 0.016253 -0.008947 0.009000 -0.017444 0.987756 -0.155031 7.062600 0.006317 0.155161 0.987869 -0.984700 0.000000 0.000000 0.000000 1.000000
0.999727 0.022275 -0.007060 0.009000 -0.023100 0.987647 -0.154983 7.062600 0.003521 0.155104 0.987892 -0.984700 0.000000 0.000000 0.000000 1.000000
0.999608 0.027215 -0.006620 0.009000 -0.027911 0.987624 -0.154338 7.062600 0.002338 0.154462 0.987996 -0.984700 0.000000 0.000000 0.000000 1.000000
0.999481 0.031164 -0.008199 0.009000 -0.032052 0.987684 -0.153147 7.062600 0.003325 0.153330 0.988169 -0.984700 0.000000 0.000000 0.000000 1.000000
0.999367 0.033856 -0.010969 0.009000 -0.035128 0.987831 -0.151515 7.062600 0.005705 0.151805 0.988394 -0.984700 0.000000 0.000000 0.000000 1.000000
0.999289 0.034988 -0.014068 0.009000 -0.036700 0.988087 -0.149459 7.062600 0.008671 0.149869 0.988668 -0.984700 0.000000 0.000000 0.000000 1.000000
0.999264 0.034551 -0.016638 0.009000 -0.036624 0.988475 -0.146885 7.062600 0.011371 0.147386 0.989014 -0.984700 0.000000 0.000000 0.000000 1.000000
0.999303 0.032949 -0.017538 0.009000 -0.035134 0.988965 -0.143924 7.062600 0.012602 0.144440 0.989433 -0.984700 0.000000 0.000000 0.000000 1.000000
0.999390 0.031020 -0.016024 0.009000 -0.032975 0.989437 -0.141164 7.062600 0.011475 0.141606 0.989857 -0.984700 0.000000 0.000000 0.000000 1.000000
0.999477 0.029822 -0.012506 0.009000 -0.031274 0.989776 -0.139157 7.062600 0.008229 0.139475 0.990191 -0.984700 0.000000 0.000000 0.000000 1.000000
0.999516 0.030109 -0.007885 0.009000 -0.030908 0.989996 -0.137670 7.062600 0.003661 0.137847 0.990447 -0.984700 0.000000 0.000000 0.000000 1.000000
0.999489 0.031869 -0.002257 0.009000 -0.031880 0.990223 -0.135799 7.062600 -0.002093 0.135801 0.990734 -0.984700 0.000000 0.000000 0.000000 1.000000
0.999395 0.034413 0.005015 0.009000 -0.033442 0.990564 -0.132912 7.062600 -0.009542 0.132664 0.991115 -0.984700 0.000000 0.000000 0.000000 1.000000
0.999221 0.036820 0.014208 0.009000 -0.034681 0.991014 -0.129183 7.062600 -0.018837 0.128590 0.991519 -0.984700 0.000000 0.000000 0.000000 1.000000
0.998961 0.038215 0.024834 0.009000 -0.034818 0.991521 -0.125198 7.062600 -0.029407 0.124203 0.991821 -0.984700 0.000000 0.000000 0.000000 1.000000
0.998624 0.038321 0.035791 0.009000 -0.033718 0.992036 -0.121361 7.062600 -0.040157 0.119988 0.991963 -0.984700 0.000000 0.000000 0.000000 1.000000
0.998243 0.037210 0.046117 0.009000 -0.031557 0.992541 -0.117757 7.062600 -0.050155 0.116095 0.991971 -0.984700 0.000000 0.000000 0.000000 1.000000
0.997855 0.035177 0.055215 0.009000 -0.028679 0.993025 -0.114360 7.062600 -0.058852 0.112531 0.991904 -0.984700 0.000000 0.000000 0.000000 1.000000
0.997492 0.032518 0.062859 0.009000 -0.025379 0.993473 -0.111209 7.062600 -0.066065 0.109335 0.991807 -0.984700 0.000000 0.000000 0.000000 1.000000
0.997174 0.029649 0.069025 0.009000 -0.022046 0.993862 -0.108408 7.062600 -0.071815 0.106580 0.991707 -0.984700 0.000000 0.000000 0.000000 1.000000
0.996908 0.026931 0.073815 0.009000 -0.019006 0.994181 -0.106037 7.062600 -0.076241 0.104306 0.991619 -0.984700 0.000000 0.000000 0.000000 1.000000
0.996699 0.024629 0.077364 0.009000 -0.016489 0.994426 -0.104138 7.062600 -0.079498 0.102519 0.991549 -0.984700 0.000000 0.000000 0.000000 1.000000
0.996548 0.022933 0.079791 0.009000 -0.014662 0.994600 -0.102739 7.062600 -0.081717 0.101215 0.991503 -0.984700 0.000000 0.000000 0.000000 1.000000
0.996451 0.021870 0.081283 0.009000 -0.013526 0.994711 -0.101817 7.062600 -0.083080 0.100356 0.991477 -0.984700 0.000000 0.000000 0.000000 1.000000
