<?xml version="1.0" encoding="utf-8"?>
<COLLADA xmlns="http://www.collada.org/2005/11/COLLADASchema" version="1.4.1">
  <asset><contributor><author>Mixamo</author><authoring_tool>COLLADA Mixamo exporter</authoring_tool><comments></comments></contributor><created>2021-02-16T19:43:14Z</created><modified>2021-02-16T19:43:14Z</modified><revision></revision><title></title><unit meter="0.010000"/><up_axis>Y_UP</up_axis></asset>
  <library_animations>
    <animation id="Hips-anim" name="Hips"><source id="Hips-Matrix-animation-input"><float_array id="Hips-Matrix-animation-input-array" count="71">

0.000000 0.033333 0.066667 0.100000 0.133333 0.166667 0.200000 0.233333 0.266667 0.300000 0.333333 0.366667 0.400000 0.433333 0.466667 0.500000
0.533333 0.566667 0.600000 0.633333 0.666667 0.700000 0.733333 0.766667 0.800000 0.833333 0.866667 0.900000 0.933333 0.966667 1.000000 1.033333
1.066667 1.100000 1.133333 1.166667 1.200000 1.233333 1.266667 1.300000 1.333333 1.366667 1.400000 1.433333 1.466667 1.500000 1.533333 1.566667
1.600000 1.633333 1.666667 1.700000 1.733333 1.766667 1.800000 1.833333 1.866667 1.900000 1.933333 1.966667 2.000000 2.033333 2.066667 2.100000
2.133333 2.166667 2.200000 2.233333 2.266667 2.300000 2.333333</float_array><technique_common><accessor source="#Hips-Matrix-animation-input-array" count="71"><param name="TIME" type="float"/></accessor></technique_common></source><source id="Hips-Matrix-animation-output-transform"><float_array id="Hips-Matrix-animation-output-transform-array" count="1136">

0.999584 -0.000667 0.028844 -0.076304 0.000158 0.999844 0.017657 101.713318 -0.028851 -0.017645 0.999428 1.095023 0.000000 0.000000 0.000000 1.000000
0.999569 -0.000728 0.029353 -0.087983 0.000197 0.999837 0.018058 101.731743 -0.029361 -0.018044 0.999406 1.102663 0.000000 0.000000 0.000000 1.000000
0.999551 -0.000723 0.029959 -0.101587 0.000170 0.999829 0.018473 101.742744 -0.029967 -0.018460 0.999380 1.118797 0.000000 0.000000 0.000000 1.000000
0.999531 -0.000639 0.030627 -0.114728 0.000061 0.999822 0.018870 101.745590 -0.030634 -0.018860 0.999353 1.145259 0.000000 0.000000 0.000000 1.000000
0.999510 -0.000479 0.031310 -0.129318 -0.000123 0.999815 0.019230 101.741516 -0.031313 -0.019224 0.999325 1.185189 0.000000 0.000000 0.000000 1.000000
0.999490 -0.000291 0.031922 -0.144338 -0.000333 0.999809 0.019559 101.734680 -0.031922 -0.019560 0.999299 1.236865 0.000000 0.000000 0.000000 1.000000
0.999476 -0.000079 0.032358 -0.160503 -0.000565 0.999802 0.019915 101.728912 -0.032353 -0.019923 0.999278 1.299653 0.000000 0.000000 0.000000 1.000000
0.999471 0.000179 0.032517 -0.175095 -0.000842 0.999792 0.020400 101.729324 -0.032507 -0.020417 0.999263 1.371557 0.000000 0.000000 0.000000 1.000000
0.999477 0.000466 0.032344 -0.188647 -0.001150 0.999776 0.021129 101.734497 -0.032327 -0.021155 0.999253 1.452455 0.000000 0.000000 0.000000 1.000000
0.999492 0.000723 0.031866 -0.202838 -0.001430 0.999753 0.022175 101.741829 -0.031842 -0.022209 0.999246 1.540251 0.000000 0.000000 0.000000 1.000000
0.999512 0.001015 0.031215 -0.217919 -0.001750 0.999722 0.023532 101.748528 -0.031183 -0.023575 0.999236 1.635766 0.000000 0.000000 0.000000 1.000000
0.999533 0.001319 0.030542 -0.234099 -0.002087 0.999682 0.025112 101.754189 -0.030499 -0.025164 0.999218 1.736898 0.000000 0.000000 0.000000 1.000000
0.999550 0.001667 0.029961 -0.251301 -0.002470 0.999638 0.026793 101.760986 -0.029905 -0.026855 0.999192 1.844227 0.000000 0.000000 0.000000 1.000000
0.999563 0.002042 0.029501 -0.268451 -0.002882 0.999591 0.028465 101.770477 -0.029430 -0.028538 0.999159 1.957543 0.000000 0.000000 0.000000 1.000000
0.999573 0.002399 0.029126 -0.282525 -0.003275 0.999543 0.030067 101.780029 -0.029041 -0.030149 0.999123 2.077802 0.000000 0.000000 0.000000 1.000000
0.999582 0.002719 0.028782 -0.294376 -0.003628 0.999495 0.031574 101.788368 -0.028681 -0.031665 0.999087 2.204000 0.000000 0.000000 0.000000 1.000000
0.999591 0.003011 0.028438 -0.305612 -0.003949 0.999448 0.032992 101.791122 -0.028323 -0.033091 0.999051 2.336385 0.000000 0.000000 0.000000 1.000000
0.999601 0.003223 0.028070 -0.316356 -0.004187 0.999401 0.034340 101.791641 -0.027942 -0.034444 0.999016 2.471305 0.000000 0.000000 0.000000 1.000000
0.999612 0.003371 0.027650 -0.329204 -0.004356 0.999355 0.035646 101.792343 -0.027512 -0.035752 0.998982 2.607142 0.000000 0.000000 0.000000 1.000000
0.999626 0.003476 0.027132 -0.342642 -0.004478 0.999308 0.036936 101.796997 -0.026985 -0.037043 0.998949 2.743488 0.000000 0.000000 0.000000 1.000000
0.999643 0.003499 0.026472 -0.353620 -0.004509 0.999259 0.038228 101.808197 -0.026319 -0.038334 0.998918 2.877714 0.000000 0.000000 0.000000 1.000000
0.999664 0.003494 0.025696 -0.361806 -0.004509 0.999209 0.039522 101.822586 -0.025538 -0.039625 0.998888 3.009581 0.000000 0.000000 0.000000 1.000000
0.999683 0.003563 0.024909 -0.366705 -0.004578 0.999157 0.040805 101.838287 -0.024743 -0.040906 0.998857 3.136514 0.000000 0.000000 0.000000 1.000000
0.999698 0.003784 0.024271 -0.368747 -0.004803 0.999104 0.042060 101.848457 -0.024090 -0.042164 0.998820 3.258061 0.000000 0.000000 0.000000 1.000000
0.999705 0.004122 0.023918 -0.367470 -0.005155 0.999049 0.043286 101.852356 -0.023717 -0.043397 0.998776 3.371679 0.000000 0.000000 0.000000 1.000000
0.999703 0.004632 0.023922 -0.362916 -0.005694 0.998994 0.044491 101.851807 -0.023691 -0.044614 0.998723 3.475883 0.000000 0.000000 0.000000 1.000000
0.999693 0.005161 0.024248 -0.350953 -0.006265 0.998936 0.045682 101.850792 -0.023986 -0.045820 0.998662 3.567626 0.000000 0.000000 0.000000 1.000000
0.999676 0.005646 0.024818 -0.332319 -0.006805 0.998879 0.046854 101.848122 -0.024526 -0.047007 0.998593 3.646295 0.000000 0.000000 0.000000 1.000000
0.999655 0.006045 0.025571 -0.309182 -0.007268 0.998822 0.047983 101.844650 -0.025251 -0.048153 0.998521 3.712216 0.000000 0.000000 0.000000 1.000000
0.999629 0.006351 0.026500 -0.286094 -0.007646 0.998768 0.049041 101.842545 -0.026155 -0.049225 0.998445 3.765605 0.000000 0.000000 0.000000 1.000000
0.999597 0.006574 0.027626 -0.265865 -0.007950 0.998718 0.049991 101.839439 -0.027262 -0.050190 0.998368 3.806973 0.000000 0.000000 0.000000 1.000000
0.999559 0.006620 0.028954 -0.249900 -0.008086 0.998676 0.050800 101.834030 -0.028579 -0.051011 0.998289 3.837967 0.000000 0.000000 0.000000 1.000000
0.999515 0.006531 0.030447 -0.239362 -0.008092 0.998643 0.051441 101.825600 -0.030069 -0.051662 0.998212 3.858558 0.000000 0.000000 0.000000 1.000000
0.999466 0.006391 0.032034 -0.232323 -0.008050 0.998619 0.051908 101.814789 -0.031658 -0.052138 0.998138 3.867962 0.000000 0.000000 0.000000 1.000000
0.999414 0.006225 0.033649 -0.229093 -0.007978 0.998604 0.052222 101.803253 -0.033276 -0.052459 0.998068 3.866938 0.000000 0.000000 0.000000 1.000000
0.999361 0.006020 0.035243 -0.230269 -0.007864 0.998594 0.052418 101.792801 -0.034878 -0.052661 0.998003 3.855871 0.000000 0.000000 0.000000 1.000000
0.999307 0.005854 0.036763 -0.233932 -0.007782 0.998590 0.052505 101.786087 -0.036404 -0.052755 0.997944 3.834765 0.000000 0.000000 0.000000 1.000000
0.999257 0.005708 0.038105 -0.238502 -0.007707 0.998591 0.052508 101.783928 -0.037752 -0.052763 0.997893 3.802562 0.000000 0.000000 0.000000 1.000000
0.999219 0.005574 0.039129 -0.242222 -0.007622 0.998598 0.052391 101.784874 -0.038782 -0.052648 0.997860 3.761929 0.000000 0.000000 0.000000 1.000000
0.999197 0.005384 0.039699 -0.242452 -0.007450 0.998616 0.052071 101.786331 -0.039364 -0.052325 0.997854 3.712986 0.000000 0.000000 0.000000 1.000000
0.999195 0.005150 0.039778 -0.236999 -0.007199 0.998646 0.051524 101.785675 -0.039459 -0.051769 0.997879 3.655378 0.000000 0.000000 0.000000 1.000000
0.999209 0.004947 0.039466 -0.229341 -0.006948 0.998688 0.050733 101.781296 -0.039163 -0.050967 0.997932 3.589500 0.000000 0.000000 0.000000 1.000000
0.999230 0.004815 0.038951 -0.221934 -0.006750 0.998741 0.049712 101.770653 -0.038662 -0.049937 0.998004 3.515319 0.000000 0.000000 0.000000 1.000000
0.999251 0.004758 0.038404 -0.216799 -0.006620 0.998801 0.048504 101.754868 -0.038128 -0.048722 0.998084 3.430003 0.000000 0.000000 0.000000 1.000000
0.999270 0.004764 0.037905 -0.211392 -0.006551 0.998865 0.047171 101.737442 -0.037638 -0.047385 0.998167 3.334178 0.000000 0.000000 0.000000 1.000000
0.999289 0.004768 0.037405 -0.206139 -0.006481 0.998930 0.045795 101.722481 -0.037147 -0.046005 0.998250 3.229671 0.000000 0.000000 0.000000 1.000000
0.999312 0.004788 0.036784 -0.200384 -0.006423 0.998991 0.044452 101.716774 -0.036534 -0.044658 0.998334 3.117701 0.000000 0.000000 0.000000 1.000000
0.999342 0.004848 0.035938 -0.193889 -0.006400 0.999046 0.043194 101.723129 -0.035694 -0.043396 0.998420 3.003068 0.000000 0.000000 0.000000 1.000000
0.999382 0.004798 0.034819 -0.186432 -0.006260 0.999097 0.042015 101.736313 -0.034586 -0.042207 0.998510 2.887047 0.000000 0.000000 0.000000 1.000000
0.999428 0.004707 0.033479 -0.177981 -0.006074 0.999147 0.040843 101.752121 -0.033258 -0.041023 0.998605 2.768439 0.000000 0.000000 0.000000 1.000000
0.999475 0.004631 0.032059 -0.167193 -0.005899 0.999199 0.039568 101.763191 -0.031850 -0.039736 0.998702 2.649425 0.000000 0.000000 0.000000 1.000000
0.999518 0.004545 0.030722 -0.155345 -0.005714 0.999258 0.038096 101.765236 -0.030527 -0.038253 0.998802 2.529927 0.000000 0.000000 0.000000 1.000000
0.999552 0.004441 0.029608 -0.143987 -0.005519 0.999322 0.036394 101.757668 -0.029427 -0.036541 0.998899 2.409451 0.000000 0.000000 0.000000 1.000000
0.999576 0.004300 0.028789 -0.134927 -0.005293 0.999390 0.034512 101.744476 -0.028623 -0.034649 0.998990 2.287728 0.000000 0.000000 0.000000 1.000000
0.999592 0.004079 0.028252 -0.130219 -0.004999 0.999457 0.032556 101.727257 -0.028104 -0.032684 0.999071 2.169055 0.000000 0.000000 0.000000 1.000000
0.999604 0.003719 0.027890 -0.128320 -0.004574 0.999520 0.030652 101.712616 -0.027763 -0.030768 0.999141 2.051555 0.000000 0.000000 0.000000 1.000000
0.999614 0.003325 0.027581 -0.127807 -0.004123 0.999574 0.028892 101.704697 -0.027473 -0.028995 0.999202 1.937433 0.000000 0.000000 0.000000 1.000000
0.999625 0.002887 0.027231 -0.122511 -0.003631 0.999621 0.027305 101.705795 -0.027142 -0.027394 0.999256 1.828128 0.000000 0.000000 0.000000 1.000000
0.999637 0.002445 0.026841 -0.113812 -0.003139 0.999661 0.025864 101.712082 -0.026768 -0.025939 0.999305 1.724686 0.000000 0.000000 0.000000 1.000000
0.999647 0.002048 0.026489 -0.101717 -0.002698 0.999696 0.024523 101.719360 -0.026431 -0.024585 0.999348 1.627923 0.000000 0.000000 0.000000 1.000000
0.999653 0.001720 0.026275 -0.090236 -0.002332 0.999727 0.023248 101.723572 -0.026228 -0.023301 0.999384 1.537499 0.000000 0.000000 0.000000 1.000000
0.999654 0.001458 0.026267 -0.082570 -0.002037 0.999755 0.022039 101.723160 -0.026228 -0.022085 0.999412 1.454826 0.000000 0.000000 0.000000 1.000000
0.999651 0.001245 0.026376 -0.078804 -0.001797 0.999780 0.020918 101.720024 -0.026345 -0.020958 0.999433 1.381069 0.000000 0.000000 0.000000 1.000000
0.999647 0.001022 0.026537 -0.075925 -0.001551 0.999800 0.019917 101.717300 -0.026512 -0.019951 0.999449 1.314700 0.000000 0.000000 0.000000 1.000000
0.999645 0.000742 0.026625 -0.071969 -0.001250 0.999817 0.019068 101.714577 -0.026606 -0.019095 0.999464 1.255335 0.000000 0.000000 0.000000 1.000000
0.999645 0.000406 0.026650 -0.066434 -0.000897 0.999830 0.018406 101.713928 -0.026639 -0.018424 0.999475 1.204137 0.000000 0.000000 0.000000 1.000000
0.999644 0.000031 0.026696 -0.061780 -0.000510 0.999839 0.017950 101.713051 -0.026691 -0.017957 0.999482 1.161923 0.000000 0.000000 0.000000 1.000000
0.999639 -0.000334 0.026866 -0.060369 -0.000141 0.999843 0.017693 101.714218 -0.026868 -0.017691 0.999482 1.128747 0.000000 0.000000 0.000000 1.000000
0.999628 -0.000606 0.027267 -0.063311 0.000125 0.999844 0.017634 101.714462 -0.027273 -0.017624 0.999473 1.107053 0.000000 0.000000 0.000000 1.000000
0.999610 -0.000731 0.027914 -0.069792 0.000238 0.999844 0.017644 101.714333 -0.027922 -0.017630 0.999455 1.095854 0.000000 0.000000 0.000000 1.000000
0.999584 -0.000752 0.028842 -0.076497 0.000243 0.999844 0.017654 101.713333 -0.028851 -0.017639 0.999428 1.094977 0.000000 0.000000 0.000000 1.000000</float_array><technique_common><accessor source="#Hips-Matrix-animation-output-transform-array" count="71" stride="16"><param type="float4x4"/></accessor></technique_common></source><source id="Hips-Interpolations"><Name_array id="Hips-Interpolations-array" count="71">
 LINEAR LINEAR LINEAR LINEAR LINEAR LINEAR LINEAR LINEAR LINEAR LINEAR LINEAR
LINEAR LINEAR LINEAR LINEAR LINEAR LINEAR LINEAR LINEAR LINEAR LINEAR LINEAR LINEAR
LINEAR LINEAR LINEAR LINEAR LINEAR LINEAR LINEAR LINEAR LINEAR LINEAR LINEAR LINEAR
LINEAR LINEAR LINEAR LINEAR LINEAR LINEAR LINEAR LINEAR LINEAR LINEAR LINEAR LINEAR
LINEAR LINEAR LINEAR LINEAR LINEAR LINEAR LINEAR LINEAR LINEAR LINEAR LINEAR LINEAR
LINEAR LINEAR LINEAR LINEAR LINEAR LINEAR LINEAR LINEAR LINEAR LINEAR LINEAR LINEAR</Name_array><technique_common><accessor source="#Hips-Interpolations-array" count="71"><param type="name"/></accessor></technique_common></source><sampler id="Hips-Matrix-animation-transform"><input semantic="INPUT" source="#Hips-Matrix-animation-input"/><input semantic="OUTPUT" source="#Hips-Matrix-animation-output-transform"/><input semantic="INTERPOLATION" source="#Hips-Interpolations"/></sampler><channel source="#Hips-Matrix-animation-transform" target="Hips/matrix"/></animation>
    <animation id="Spine-anim" name="Spine"><source id="Spine-Matrix-animation-input"><float_array id="Spine-Matrix-animation-input-array" count="71">

0.000000 0.033333 0.066667 0.100000 0.133333 0.166667 0.200000 0.233333 0.266667 0.300000 0.333333 0.366667 0.400000 0.433333 0.466667 0.500000
0.533333 0.566667 0.600000 0.633333 0.666667 0.700000 0.733333 0.766667 0.800000 0.833333 0.866667 0.900000 0.933333 0.966667 1.000000 1.033333
1.066667 1.100000 1.133333 1.166667 1.200000 1.233333 1.266667 1.300000 1.333333 1.366667 1.400000 1.433333 1.466667 1.500000 1.533333 1.566667
1.600000 1.633333 1.666667 1.700000 1.733333 1.766667 1.800000 1.833333 1.866667 1.900000 1.933333 1.966667 2.000000 2.033333 2.066667 2.100000
2.133333 2.166667 2.200000 2.233333 2.266667 2.300000 2.333333</float_array><technique_common><accessor source="#Spine-Matrix-animation-input-array" count="71"><param name="TIME" type="float"/></accessor></technique_common></source><source id="Spine-Matrix-animation-output-transform"><float_array id="Spine-Matrix-animation-output-transform-array" count="1136">

0.999986 -0.004859 -0.002182 0.009000 0.004960 0.998790 0.048932 7.062600 0.001942 -0.048943 0.998800 -0.984700 0.000000 0.000000 0.000000 1.000000
0.999986 -0.004818 -0.002187 0.009000 0.004920 0.998790 0.048932 7.062600 0.001948 -0.048943 0.998800 -0.984700 0.000000 0.000000 0.000000 1.000000
0.999986 -0.004764 -0.002185 0.009000 0.004865 0.998790 0.048933 7.062600 0.001950 -0.048943 0.998800 -0.984700 0.000000 0.000000 0.000000 1.000000
0.999987 -0.004672 -0.002174 0.009000 0.004773 0.998791 0.048932 7.062600 0.001943 -0.048942 0.998800 -0.984700 0.000000 0.000000 0.000000 1.000000
0.999987 -0.004602 -0.002169 0.009000 0.004702 0.998791 0.048933 7.062600 0.001941 -0.048943 0.998800 -0.984700 0.000000 0.000000 0.000000 1.000000
0.999987 -0.004579 -0.002165 0.009000 0.004679 0.998791 0.048933 7.062600 0.001938 -0.048942 0.998800 -0.984700 0.000000 0.000000 0.000000 1.000000
0.999987 -0.004535 -0.002160 0.009000 0.004635 0.998791 0.048933 7.062600 0.001936 -0.048942 0.998800 -0.984700 0.000000 0.000000 0.000000 1.000000
0.999987 -0.004520 -0.002159 0.009000 0.004621 0.998791 0.048933 7.062600 0.001935 -0.048942 0.998800 -0.984700 0.000000 0.000000 0.000000 1.000000
0.999987 -0.004519 -0.002158 0.009000 0.004619 0.998791 0.048933 7.062600 0.001935 -0.048942 0.998800 -0.984700 0.000000 0.000000 0.000000 1.000000
0.999988 -0.004451 -0.002150 0.009000 0.004551 0.998792 0.048933 7.062600 0.001930 -0.048942 0.998800 -0.984700 0.000000 0.000000 0.000000 1.000000
0.999988 -0.004388 -0.002148 0.009000 0.004488 0.998792 0.048933 7.062600 0.001930 -0.048942 0.998800 -0.984700 0.000000 0.000000 0.000000 1.000000
0.999988 -0.004334 -0.002146 0.009000 0.004434 0.998792 0.048933 7.062600 0.001931 -0.048942 0.998800 -0.984700 0.000000 0.000000 0.000000 1.000000
0.999988 -0.004339 -0.002151 0.009000 0.004439 0.998792 0.048933 7.062600 0.001936 -0.048942 0.998800 -0.984700 0.000000 0.000000 0.000000 1.000000
0.999988 -0.004500 -0.002167 0.009000 0.004601 0.998791 0.048932 7.062600 0.001944 -0.048942 0.998800 -0.984700 0.000000 0.000000 0.000000 1.000000
0.999987 -0.004596 -0.002178 0.009000 0.004697 0.998791 0.048932 7.062600 0.001951 -0.048942 0.998800 -0.984700 0.000000 0.000000 0.000000 1.000000
0.999987 -0.004666 -0.002184 0.009000 0.004767 0.998791 0.048932 7.062600 0.001953 -0.048942 0.998800 -0.984700 0.000000 0.000000 0.000000 1.000000
0.999986 -0.004734 -0.002190 0.009000 0.004836 0.998790 0.048932 7.062600 0.001955 -0.048942 0.998800 -0.984700 0.000000 0.000000 0.000000 1.000000
0.999986 -0.004764 -0.002190 0.009000 0.004865 0.998790 0.048932 7.062600 0.001954 -0.048942 0.998800 -0.984700 0.000000 0.000000 0.000000 1.000000
0.999986 -0.004778 -0.002188 0.009000 0.004879 0.998790 0.048932 7.062600 0.001952 -0.048942 0.998800 -0.984700 0.000000 0.000000 0.000000 1.000000
0.999986 -0.004824 -0.002191 0.009000 0.004925 0.998790 0.048932 7.062600 0.001952 -0.048942 0.998800 -0.984700 0.000000 0.000000 0.000000 1.000000
0.999986 -0.004854 -0.002190 0.009000 0.004955 0.998790 0.048931 7.062600 0.001950 -0.048941 0.998800 -0.984700 0.000000 0.000000 0.000000 1.000000
0.999986 -0.004885 -0.002190 0.009000 0.004986 0.998790 0.048931 7.062600 0.001948 -0.048941 0.998800 -0.984700 0.000000 0.000000 0.000000 1.000000
0.999986 -0.004909 -0.002188 0.009000 0.005010 0.998790 0.048931 7.062600 0.001945 -0.048942 0.998800 -0.984700 0.000000 0.000000 0.000000 1.000000
0.999985 -0.004932 -0.002188 0.009000 0.005033 0.998789 0.048931 7.062600 0.001944 -0.048941 0.998800 -0.984700 0.000000 0.000000 0.000000 1.000000
0.999986 -0.004912 -0.002183 0.009000 0.005013 0.998790 0.048931 7.062600 0.001940 -0.048941 0.998800 -0.984700 0.000000 0.000000 0.000000 1.000000
0.999985 -0.004948 -0.002186 0.009000 0.005049 0.998789 0.048931 7.062600 0.001941 -0.048941 0.998800 -0.984700 0.000000 0.000000 0.000000 1.000000
0.999985 -0.004979 -0.002188 0.009000 0.005080 0.998789 0.048931 7.062600 0.001941 -0.048941 0.998800 -0.984700 0.000000 0.000000 0.000000 1.000000
0.999985 -0.005006 -0.002190 0.009000 0.005107 0.998789 0.048930 7.062600 0.001943 -0.048941 0.998800 -0.984700 0.000000 0.000000 0.000000 1.000000
0.999985 -0.005004 -0.002195 0.009000 0.005105 0.998789 0.048931 7.062600 0.001947 -0.048941 0.998800 -0.984700 0.000000 0.000000 0.000000 1.000000
0.999985 -0.004984 -0.002204 0.009000 0.005086 0.998789 0.048931 7.062600 0.001957 -0.048942 0.998800 -0.984700 0.000000 0.000000 0.000000 1.000000
0.999985 -0.004941 -0.002227 0.009000 0.005044 0.998789 0.048932 7.062600 0.001982 -0.048942 0.998800 -0.984700 0.000000 0.000000 0.000000 1.000000
0.999986 -0.004859 -0.002262 0.009000 0.004964 0.998790 0.048932 7.062600 0.002021 -0.048942 0.998800 -0.984700 0.000000 0.000000 0.000000 1.000000
0.999986 -0.004726 -0.002280 0.009000 0.004832 0.998790 0.048933 7.062600 0.002046 -0.048943 0.998799 -0.984700 0.000000 0.000000 0.000000 1.000000
0.999987 -0.004626 -0.002262 0.009000 0.004731 0.998791 0.048933 7.062600 0.002033 -0.048943 0.998799 -0.984700 0.000000 0.000000 0.000000 1.000000
0.999987 -0.004540 -0.002248 0.009000 0.004644 0.998791 0.048934 7.062600 0.002024 -0.048944 0.998799 -0.984700 0.000000 0.000000 0.000000 1.000000
0.999987 -0.004477 -0.002239 0.009000 0.004581 0.998792 0.048933 7.062600 0.002017 -0.048943 0.998800 -0.984700 0.000000 0.000000 0.000000 1.000000
0.999988 -0.004390 -0.002226 0.009000 0.004493 0.998792 0.048934 7.062600 0.002008 -0.048943 0.998800 -0.984700 0.000000 0.000000 0.000000 1.000000
0.999988 -0.004320 -0.002215 0.009000 0.004423 0.998792 0.048934 7.062600 0.002001 -0.048943 0.998800 -0.984700 0.000000 0.000000 0.000000 1.000000
0.999988 -0.004291 -0.002214 0.009000 0.004394 0.998792 0.048935 7.062600 0.002001 -0.048944 0.998800 -0.984700 0.000000 0.000000 0.000000 1.000000
0.999988 -0.004270 -0.002216 0.009000 0.004373 0.998792 0.048935 7.062600 0.002005 -0.048944 0.998800 -0.984700 0.000000 0.000000 0.000000 1.000000
0.999988 -0.004256 -0.002218 0.009000 0.004359 0.998792 0.048935 7.062600 0.002007 -0.048944 0.998800 -0.984700 0.000000 0.000000 0.000000 1.000000
0.999988 -0.004275 -0.002220 0.009000 0.004379 0.998792 0.048934 7.062600 0.002008 -0.048943 0.998800 -0.984700 0.000000 0.000000 0.000000 1.000000
0.999988 -0.004306 -0.002219 0.009000 0.004410 0.998792 0.048934 7.062600 0.002006 -0.048944 0.998800 -0.984700 0.000000 0.000000 0.000000 1.000000
0.999988 -0.004312 -0.002211 0.009000 0.004415 0.998792 0.048935 7.062600 0.001998 -0.048944 0.998800 -0.984700 0.000000 0.000000 0.000000 1.000000
0.999988 -0.004300 -0.002202 0.009000 0.004402 0.998792 0.048935 7.062600 0.001989 -0.048944 0.998800 -0.984700 0.000000 0.000000 0.000000 1.000000
0.999989 -0.004262 -0.002193 0.009000 0.004364 0.998792 0.048934 7.062600 0.001982 -0.048943 0.998800 -0.984700 0.000000 0.000000 0.000000 1.000000
0.999989 -0.004246 -0.002188 0.009000 0.004348 0.998792 0.048935 7.062600 0.001977 -0.048944 0.998800 -0.984700 0.000000 0.000000 0.000000 1.000000
0.999988 -0.004375 -0.002201 0.009000 0.004478 0.998792 0.048934 7.062600 0.001984 -0.048944 0.998800 -0.984700 0.000000 0.000000 0.000000 1.000000
0.999988 -0.004444 -0.002214 0.009000 0.004547 0.998792 0.048934 7.062600 0.001994 -0.048944 0.998800 -0.984700 0.000000 0.000000 0.000000 1.000000
0.999987 -0.004493 -0.002224 0.009000 0.004597 0.998791 0.048934 7.062600 0.002001 -0.048944 0.998800 -0.984700 0.000000 0.000000 0.000000 1.000000
0.999987 -0.004558 -0.002239 0.009000 0.004662 0.998791 0.048934 7.062600 0.002013 -0.048944 0.998800 -0.984700 0.000000 0.000000 0.000000 1.000000
0.999987 -0.004605 -0.002250 0.009000 0.004709 0.998791 0.048933 7.062600 0.002022 -0.048943 0.998800 -0.984700 0.000000 0.000000 0.000000 1.000000
0.999987 -0.004662 -0.002257 0.009000 0.004767 0.998791 0.048933 7.062600 0.002026 -0.048943 0.998800 -0.984700 0.000000 0.000000 0.000000 1.000000
0.999986 -0.004726 -0.002258 0.009000 0.004831 0.998790 0.048933 7.062600 0.002024 -0.048943 0.998800 -0.984700 0.000000 0.000000 0.000000 1.000000
0.999986 -0.004779 -0.002265 0.009000 0.004884 0.998790 0.048933 7.062600 0.002028 -0.048944 0.998799 -0.984700 0.000000 0.000000 0.000000 1.000000
0.999986 -0.004802 -0.002265 0.009000 0.004907 0.998790 0.048933 7.062600 0.002027 -0.048943 0.998800 -0.984700 0.000000 0.000000 0.000000 1.000000
0.999985 -0.004888 -0.002268 0.009000 0.004993 0.998790 0.048933 7.062600 0.002027 -0.048943 0.998800 -0.984700 0.000000 0.000000 0.000000 1.000000
0.999986 -0.004880 -0.002270 0.009000 0.004985 0.998790 0.048933 7.062600 0.002028 -0.048944 0.998799 -0.984700 0.000000 0.000000 0.000000 1.000000
0.999986 -0.004851 -0.002270 0.009000 0.004957 0.998790 0.048933 7.062600 0.002030 -0.048944 0.998799 -0.984700 0.000000 0.000000 0.000000 1.000000
0.999986 -0.004841 -0.002275 0.009000 0.004946 0.998790 0.048933 7.062600 0.002036 -0.048944 0.998799 -0.984700 0.000000 0.000000 0.000000 1.000000
0.999986 -0.004859 -0.002281 0.009000 0.004965 0.998790 0.048932 7.062600 0.002040 -0.048943 0.998799 -0.984700 0.000000 0.000000 0.000000 1.000000
0.999985 -0.004889 -0.002286 0.009000 0.004995 0.998790 0.048933 7.062600 0.002044 -0.048943 0.998799 -0.984700 0.000000 0.000000 0.000000 1.000000
0.999985 -0.004914 -0.002292 0.009000 0.005020 0.998789 0.048933 7.062600 0.002049 -0.048944 0.998799 -0.984700 0.000000 0.000000 0.000000 1.000000
0.999985 -0.004886 -0.002289 0.009000 0.004993 0.998790 0.048933 7.062600 0.002047 -0.048944 0.998799 -0.984700 0.000000 0.000000 0.000000 1.000000
0.999985 -0.004879 -0.002285 0.009000 0.004985 0.998790 0.048933 7.062600 0.002043 -0.048943 0.998799 -0.984700 0.000000 0.000000 0.000000 1.000000
0.999985 -0.004879 -0.002284 0.009000 0.004985 0.998790 0.048933 7.062600 0.002042 -0.048944 0.998799 -0.984700 0.000000 0.000000 0.000000 1.000000
0.999985 -0.004884 -0.002284 0.009000 0.004989 0.998790 0.048933 7.062600 0.002042 -0.048943 0.998799 -0.984700 0.000000 0.000000 0.000000 1.000000
0.999985 -0.004881 -0.002282 0.009000 0.004987 0.998790 0.048933 7.062600 0.002040 -0.048943 0.998799 -0.984700 0.000000 0.000000 0.000000 1.000000
0.999985 -0.004893 -0.002283 0.009000 0.004998 0.998790 0.048932 7.062600 0.002041 -0.048943 0.998799 -0.984700 0.000000 0.000000 0.000000 1.000000
0.999986 -0.004875 -0.002283 0.009000 0.004981 0.998790 0.048933 7.062600 0.002041 -0.048944 0.998799 -0.984700 0.000000 0.000000 0.000000 1.000000
0.999986 -0.004870 -0.002285 0.009000 0.004975 0.998790 0.048933 7.062600 0.002044 -0.048944 0.998799 -0.984700 0.000000 0.000000 0.000000 1.000000</float_array><technique_common><accessor source="#Spine-Matrix-animation-output-transform-array" count="71" stride="16"><param type="float4x4"/></accessor></technique_common></source><source id="Spine-Interpolations"><Name_array id="Spine-Interpolations-array" count="71">
 LINEAR LINEAR LINEAR LINEAR LINEAR LINEAR LINEAR LINEAR LINEAR LINEAR LINEAR
LINEAR LINEAR LINEAR LINEAR LINEAR LINEAR LINEAR LINEAR LINEAR LINEAR LINEAR LINEAR
LINEAR LINEAR LINEAR LINEAR LINEAR LINEAR LINEAR LINEAR LINEAR LINEAR LINEAR LINEAR
LINEAR LINEAR LINEAR LINEAR LINEAR LINEAR LINEAR LINEAR LINEAR LINEAR LINEAR LINEAR
LINEAR LINEAR LINEAR LINEAR LINEAR LINEAR LINEAR LINEAR LINEAR LINEAR LINEAR LINEAR
LINEAR LINEAR LINEAR LINEAR LINEAR LINEAR LINEAR LINEAR LINEAR LINEAR LINEAR LINEAR</Name_array><technique_common><accessor source="#Spine-Interpolations-array" count="71"><param type="name"/></accessor></technique_common></source><sampler id="Spine-Matrix-animation-transform"><input semantic="INPUT" source="#Spine-Matrix-animation-input"/><input semantic="OUTPUT" source="#Spine-Matrix-animation-output-transform"/><input semantic="INTERPOLATION" source="#Spine-Interpolations"/></sampler><channel source="#Spine-Matrix-animation-transform" target="Spine/matrix"/></animation>
    <animation id="Spine1-anim" name="Spine1"><source id="Spine1-Matrix-animation-input"><float_array id="Spine1-Matrix-animation-input-array" count="71">

0.000000 0.033333 0.066667 0.100000 0.133333 0.166667 0.200000 0.233333 0.266667 0.300000 0.333333 0.366667 0.400000 0.433333 0.466667 0.500000
0.533333 0.566667 0.600000 0.633333 0.666667 0.700000 0.733333 0.766667 0.800000 0.833333 0.866667 0.900000 0.933333 0.966667 1.000000 1.033333
1.066667 1.100000 1.133333 1.166667 1.200000 1.233333 1.266667 1.300000 1.333333 1.366667 1.400000 1.433333 1.466667 1.500000 1.533333 1.566667
1.600000 1.633333 1.666667 1.700000 1.733333 1.766667 1.800000 1.833333 1.866667 1.900000 1.933333 1.966667 2.000000 2.033333 2.066667 2.100000
2.133333 2.166667 2.200000 2.233333 2.266667 2.300000 2.333333</float_array><technique_common><accessor source="#Spine1-Matrix-animation-input-array" count="71"><param name="TIME" type="float"/></accessor></technique_common></source><source id="Spine1-Matrix-animation-output-transform"><float_array id="Spine1-Matrix-animation-output-transform-array" count="1136">

0.999940 0.010813 -0.001766 0.012400 -0.010588 0.995151 0.097785 8.239700 0.002814 -0.097760 0.995206 -1.148800 0.000000 0.000000 0.000000 1.000000
0.999940 0.010813 -0.001766 0.012400 -0.010588 0.995151 0.097785 8.239700 0.002814 -0.097760 0.995206 -1.148800 0.000000 0.000000 0.000000 1.000000
0.999940 0.010813 -0.001766 0.012400 -0.010588 0.995151 0.097785 8.239700 0.002814 -0.097761 0.995206 -1.148800 0.000000 0.000000 0.000000 1.000000
0.999940 0.010812 -0.001766 0.012400 -0.010588 0.995151 0.097784 8.239700 0.002814 -0.097759 0.995206 -1.148800 0.000000 0.000000 0.000000 1.000000
0.999939 0.010878 -0.001765 0.012400 -0.010653 0.995151 0.097785 8.239700 0.002820 -0.097760 0.995206 -1.148800 0.000000 0.000000 0.000000 1.000000
0.999939 0.010915 -0.001765 0.012400 -0.010691 0.995150 0.097785 8.239700 0.002823 -0.097760 0.995206 -1.148800 0.000000 0.000000 0.000000 1.000000
0.999937 0.011061 -0.001758 0.012400 -0.010836 0.995149 0.097785 8.239700 0.002831 -0.097760 0.995206 -1.148800 0.000000 0.000000 0.000000 1.000000
0.999936 0.011209 -0.001751 0.012400 -0.010984 0.995147 0.097785 8.239700 0.002838 -0.097759 0.995206 -1.148800 0.000000 0.000000 0.000000 1.000000
0.999935 0.011294 -0.001747 0.012400 -0.011069 0.995146 0.097785 8.239700 0.002843 -0.097759 0.995206 -1.148800 0.000000 0.000000 0.000000 1.000000
0.999934 0.011332 -0.001745 0.012400 -0.011107 0.995146 0.097785 8.239700 0.002845 -0.097759 0.995206 -1.148800 0.000000 0.000000 0.000000 1.000000
0.999934 0.011351 -0.001744 0.012400 -0.011126 0.995145 0.097785 8.239700 0.002846 -0.097759 0.995206 -1.148800 0.000000 0.000000 0.000000 1.000000
0.999934 0.011356 -0.001744 0.012400 -0.011131 0.995145 0.097785 8.239700 0.002846 -0.097759 0.995206 -1.148800 0.000000 0.000000 0.000000 1.000000
0.999934 0.011356 -0.001744 0.012400 -0.011131 0.995145 0.097785 8.239700 0.002846 -0.097759 0.995206 -1.148800 0.000000 0.000000 0.000000 1.000000
0.999936 0.011133 -0.001764 0.012400 -0.010907 0.995148 0.097784 8.239700 0.002844 -0.097759 0.995206 -1.148800 0.000000 0.000000 0.000000 1.000000
0.999938 0.011034 -0.001774 0.012400 -0.010808 0.995149 0.097784 8.239700 0.002845 -0.097759 0.995206 -1.148800 0.000000 0.000000 0.000000 1.000000
0.999938 0.010950 -0.001783 0.012400 -0.010723 0.995150 0.097784 8.239700 0.002845 -0.097759 0.995206 -1.148800 0.000000 0.000000 0.000000 1.000000
0.999939 0.010864 -0.001790 0.012400 -0.010637 0.995151 0.097784 8.239700 0.002844 -0.097759 0.995206 -1.148800 0.000000 0.000000 0.000000 1.000000
0.999940 0.010770 -0.001800 0.012400 -0.010542 0.995152 0.097783 8.239700 0.002844 -0.097758 0.995206 -1.148800 0.000000 0.000000 0.000000 1.000000
0.999941 0.010676 -0.001807 0.012400 -0.010448 0.995153 0.097783 8.239700 0.002842 -0.097758 0.995206 -1.148800 0.000000 0.000000 0.000000 1.000000
0.999943 0.010566 -0.001811 0.012400 -0.010339 0.995154 0.097783 8.239700 0.002835 -0.097758 0.995206 -1.148800 0.000000 0.000000 0.000000 1.000000
0.999944 0.010445 -0.001812 0.012400 -0.010217 0.995155 0.097782 8.239700 0.002825 -0.097758 0.995206 -1.148800 0.000000 0.000000 0.000000 1.000000
0.999945 0.010309 -0.001815 0.012400 -0.010082 0.995157 0.097782 8.239700 0.002814 -0.097758 0.995206 -1.148800 0.000000 0.000000 0.000000 1.000000
0.999946 0.010252 -0.001807 0.012400 -0.010026 0.995157 0.097782 8.239700 0.002801 -0.097758 0.995206 -1.148800 0.000000 0.000000 0.000000 1.000000
0.999946 0.010222 -0.001797 0.012400 -0.009997 0.995158 0.097781 8.239700 0.002788 -0.097758 0.995206 -1.148800 0.000000 0.000000 0.000000 1.000000
0.999946 0.010211 -0.001787 0.012400 -0.009988 0.995158 0.097781 8.239700 0.002777 -0.097758 0.995206 -1.148800 0.000000 0.000000 0.000000 1.000000
0.999946 0.010221 -0.001779 0.012400 -0.009998 0.995158 0.097781 8.239700 0.002770 -0.097758 0.995206 -1.148800 0.000000 0.000000 0.000000 1.000000
0.999946 0.010238 -0.001776 0.012400 -0.010015 0.995158 0.097781 8.239700 0.002768 -0.097758 0.995206 -1.148800 0.000000 0.000000 0.000000 1.000000
0.999946 0.010270 -0.001777 0.012400 -0.010047 0.995157 0.097780 8.239700 0.002773 -0.097757 0.995206 -1.148800 0.000000 0.000000 0.000000 1.000000
0.999945 0.010343 -0.001782 0.012400 -0.010119 0.995157 0.097781 8.239700 0.002785 -0.097758 0.995206 -1.148800 0.000000 0.000000 0.000000 1.000000
0.999944 0.010426 -0.001799 0.012400 -0.010200 0.995156 0.097783 8.239700 0.002809 -0.097759 0.995206 -1.148800 0.000000 0.000000 0.000000 1.000000
0.999942 0.010566 -0.001847 0.012400 -0.010335 0.995154 0.097784 8.239700 0.002871 -0.097760 0.995206 -1.148800 0.000000 0.000000 0.000000 1.000000
0.999941 0.010726 -0.001928 0.012400 -0.010486 0.995152 0.097785 8.239700 0.002967 -0.097759 0.995206 -1.148800 0.000000 0.000000 0.000000 1.000000
0.999938 0.010987 -0.001969 0.012400 -0.010741 0.995149 0.097789 8.239700 0.003034 -0.097761 0.995205 -1.148800 0.000000 0.000000 0.000000 1.000000
0.999935 0.011194 -0.001940 0.012400 -0.010951 0.995147 0.097788 8.239700 0.003025 -0.097761 0.995205 -1.148800 0.000000 0.000000 0.000000 1.000000
0.999934 0.011368 -0.001915 0.012400 -0.011127 0.995145 0.097790 8.239700 0.003017 -0.097762 0.995205 -1.148800 0.000000 0.000000 0.000000 1.000000
0.999932 0.011509 -0.001895 0.012400 -0.011269 0.995143 0.097789 8.239700 0.003011 -0.097761 0.995205 -1.148800 0.000000 0.000000 0.000000 1.000000
0.999930 0.011684 -0.001868 0.012400 -0.011445 0.995141 0.097790 8.239700 0.003001 -0.097761 0.995205 -1.148800 0.000000 0.000000 0.000000 1.000000
0.999929 0.011798 -0.001851 0.012400 -0.011560 0.995140 0.097790 8.239700 0.002996 -0.097762 0.995205 -1.148800 0.000000 0.000000 0.000000 1.000000
0.999928 0.011849 -0.001846 0.012400 -0.011611 0.995139 0.097791 8.239700 0.002995 -0.097762 0.995205 -1.148800 0.000000 0.000000 0.000000 1.000000
0.999928 0.011886 -0.001842 0.012400 -0.011649 0.995139 0.097791 8.239700 0.002995 -0.097763 0.995205 -1.148800 0.000000 0.000000 0.000000 1.000000
0.999927 0.011911 -0.001840 0.012400 -0.011674 0.995139 0.097791 8.239700 0.002996 -0.097762 0.995205 -1.148800 0.000000 0.000000 0.000000 1.000000
0.999927 0.011925 -0.001839 0.012400 -0.011688 0.995138 0.097790 8.239700 0.002996 -0.097761 0.995205 -1.148800 0.000000 0.000000 0.000000 1.000000
0.999927 0.011928 -0.001839 0.012400 -0.011691 0.995138 0.097791 8.239700 0.002997 -0.097762 0.995205 -1.148800 0.000000 0.000000 0.000000 1.000000
0.999927 0.011921 -0.001840 0.012400 -0.011684 0.995138 0.097791 8.239700 0.002997 -0.097762 0.995205 -1.148800 0.000000 0.000000 0.000000 1.000000
0.999927 0.011906 -0.001842 0.012400 -0.011669 0.995139 0.097790 8.239700 0.002997 -0.097762 0.995205 -1.148800 0.000000 0.000000 0.000000 1.000000
0.999928 0.011883 -0.001843 0.012400 -0.011646 0.995139 0.097790 8.239700 0.002996 -0.097761 0.995205 -1.148800 0.000000 0.000000 0.000000 1.000000
0.999928 0.011854 -0.001844 0.012400 -0.011617 0.995139 0.097791 8.239700 0.002994 -0.097763 0.995205 -1.148800 0.000000 0.000000 0.000000 1.000000
0.999930 0.011676 -0.001859 0.012400 -0.011438 0.995141 0.097790 8.239700 0.002992 -0.097762 0.995205 -1.148800 0.000000 0.000000 0.000000 1.000000
0.999931 0.011580 -0.001869 0.012400 -0.011342 0.995142 0.097790 8.239700 0.002992 -0.097762 0.995205 -1.148800 0.000000 0.000000 0.000000 1.000000
0.999932 0.011477 -0.001884 0.012400 -0.011238 0.995144 0.097790 8.239700 0.002998 -0.097762 0.995205 -1.148800 0.000000 0.000000 0.000000 1.000000
0.999934 0.011335 -0.001907 0.012400 -0.011095 0.995145 0.097790 8.239700 0.003006 -0.097762 0.995205 -1.148800 0.000000 0.000000 0.000000 1.000000
0.999936 0.011179 -0.001932 0.012400 -0.010937 0.995147 0.097789 8.239700 0.003016 -0.097761 0.995205 -1.148800 0.000000 0.000000 0.000000 1.000000
0.999937 0.011018 -0.001956 0.012400 -0.010774 0.995149 0.097788 8.239700 0.003024 -0.097761 0.995205 -1.148800 0.000000 0.000000 0.000000 1.000000
0.999938 0.010924 -0.001971 0.012400 -0.010679 0.995150 0.097787 8.239700 0.003030 -0.097760 0.995205 -1.148800 0.000000 0.000000 0.000000 1.000000
0.999939 0.010907 -0.001975 0.012400 -0.010662 0.995150 0.097789 8.239700 0.003032 -0.097762 0.995205 -1.148800 0.000000 0.000000 0.000000 1.000000
0.999939 0.010864 -0.001978 0.012400 -0.010618 0.995151 0.097788 8.239700 0.003031 -0.097761 0.995205 -1.148800 0.000000 0.000000 0.000000 1.000000
0.999940 0.010737 -0.001981 0.012400 -0.010492 0.995152 0.097788 8.239700 0.003021 -0.097761 0.995205 -1.148800 0.000000 0.000000 0.000000 1.000000
0.999941 0.010724 -0.001983 0.012400 -0.010479 0.995152 0.097789 8.239700 0.003022 -0.097762 0.995205 -1.148800 0.000000 0.000000 0.000000 1.000000
0.999941 0.010710 -0.001986 0.012400 -0.010465 0.995152 0.097789 8.239700 0.003024 -0.097762 0.995205 -1.148800 0.000000 0.000000 0.000000 1.000000
0.999941 0.010697 -0.001988 0.012400 -0.010451 0.995152 0.097788 8.239700 0.003025 -0.097762 0.995205 -1.148800 0.000000 0.000000 0.000000 1.000000
0.999941 0.010688 -0.001990 0.012400 -0.010442 0.995153 0.097787 8.239700 0.003025 -0.097760 0.995205 -1.148800 0.000000 0.000000 0.000000 1.000000
0.999941 0.010686 -0.001990 0.012400 -0.010441 0.995153 0.097788 8.239700 0.003026 -0.097761 0.995205 -1.148800 0.000000 0.000000 0.000000 1.000000
0.999941 0.010702 -0.001987 0.012400 -0.010456 0.995152 0.097788 8.239700 0.003024 -0.097762 0.995205 -1.148800 0.000000 0.000000 0.000000 1.000000
0.999940 0.010778 -0.001974 0.012400 -0.010533 0.995151 0.097788 8.239700 0.003018 -0.097762 0.995205 -1.148800 0.000000 0.000000 0.000000 1.000000
0.999940 0.010778 -0.001974 0.012400 -0.010533 0.995152 0.097788 8.239700 0.003018 -0.097761 0.995205 -1.148800 0.000000 0.000000 0.000000 1.000000
0.999940 0.010778 -0.001974 0.012400 -0.010533 0.995151 0.097788 8.239700 0.003018 -0.097762 0.995205 -1.148800 0.000000 0.000000 0.000000 1.000000
0.999940 0.010778 -0.001974 0.012400 -0.010533 0.995152 0.097788 8.239700 0.003018 -0.097761 0.995205 -1.148800 0.000000 0.000000 0.000000 1.000000
0.999940 0.010778 -0.001974 0.012400 -0.010533 0.995152 0.097788 8.239700 0.003018 -0.097761 0.995205 -1.148800 0.000000 0.000000 0.000000 1.000000
0.999940 0.010778 -0.001974 0.012400 -0.010533 0.995152 0.097788 8.239700 0.003018 -0.097761 0.995205 -1.148800 0.000000 0.000000 0.000000 1.000000
0.999940 0.010778 -0.001974 0.012400 -0.010533 0.995151 0.097789 8.239700 0.003018 -0.097762 0.995205 -1.148800 0.000000 0.000000 0.000000 1.000000
0.999940 0.010778 -0.001974 0.012400 -0.010533 0.995151 0.097789 8.239700 0.003018 -0.097762 0.995205 -1.148800 0.000000 0.000000 0.000000 1.000000</float_array><technique_common><accessor source="#Spine1-Matrix-animation-output-transform-array" count="71" stride="16"><param type="float4x4"/></accessor></technique_common></source><source id="Spine1-Interpolations"><Name_array id="Spine1-Interpolations-array" count="71">
 LINEAR LINEAR LINEAR LINEAR LINEAR LINEAR LINEAR LINEAR LINEAR LINEAR LINEAR
LINEAR LINEAR LINEAR LINEAR LINEAR LINEAR LINEAR LINEAR LINEAR LINEAR LINEAR LINEAR
LINEAR LINEAR LINEAR LINEAR LINEAR LINEAR LINEAR LINEAR LINEAR LINEAR LINEAR LINEAR
LINEAR LINEAR LINEAR LINEAR LINEAR LINEAR LINEAR LINEAR LINEAR LINEAR LINEAR LINEAR
LINEAR LINEAR LINEAR LINEAR LINEAR LINEAR LINEAR LINEAR LINEAR LINEAR LINEAR LINEAR
LINEAR LINEAR LINEAR LINEAR LINEAR LINEAR LINEAR LINEAR LINEAR LINEAR LINEAR LINEAR</Name_array><technique_common><accessor source="#Spine1-Interpolations-array" count="71"><param type="name"/></accessor></technique_common></source><sampler id="Spine1-Matrix-animation-transform"><input semantic="INPUT" source="#Spine1-Matrix-animation-input"/><input semantic="OUTPUT" source="#Spine1-Matrix-animation-output-transform"/><input semantic="INTERPOLATION" source="#Spine1-Interpolations"/></sampler><channel source="#Spine1-Matrix-animation-transform" target="Spine1/matrix"/></animation>
    <animation id="Spine2-anim" name="Spine2"><source id="Spine2-Matrix-animation-input"><float_array id="Spine2-Matrix-animation-input-array" count="71">

0.000000 0.033333 0.066667 0.100000 0.133333 0.166667 0.200000 0.233333 0.266667 0.300000 0.333333 0.366667 0.400000 0.433333 0.466667 0.500000
0.533333 0.566667 0.600000 0.633333 0.666667 0.700000 0.733333 0.766667 0.800000 0.833333 0.866667 0.900000 0.933333 0.966667 1.000000 1.033333
1.066667 1.100000 1.133333 1.166667 1.200000 1.233333 1.266667 1.300000 1.333333 1.366667 1.400000 1.433333 1.466667 1.500000 1.533333 1.566667
1.600000 1.633333 1.666667 1.700000 1.733333 1.766667 1.800000 1.833333 1.866667 1.900000 1.933333 1.966667 2.000000 2.033333 2.066667 2.100000
