<?xml version="1.0" encoding="utf-8"?>
<COLLADA xmlns="http://www.collada.org/2005/11/COLLADASchema" version="1.4.1">
  <asset><contributor><author>Mixamo</author><authoring_tool>COLLADA Mixamo exporter</authoring_tool><comments></comments></contributor><created>2020-12-19T18:48:40Z</created><modified>2020-12-19T18:48:40Z</modified><revision></revision><title></title><unit meter="0.010000"/><up_axis>Y_UP</up_axis></asset>
  <library_animations>
    <animation id="Hips-anim" name="Hips"><source id="Hips-Matrix-animation-input"><float_array id="Hips-Matrix-animation-input-array" count="71">

0.000000 0.033333 0.066667 0.100000 0.133333 0.166667 0.200000 0.233333 0.266667 0.300000 0.333333 0.366667 0.400000 0.433333 0.466667 0.500000
0.533333 0.566667 0.600000 0.633333 0.666667 0.700000 0.733333 0.766667 0.800000 0.833333 0.866667 0.900000 0.933333 0.966667 1.000000 1.033333
1.066667 1.100000 1.133333 1.166667 1.200000 1.233333 1.266667 1.300000 1.333333 1.366667 1.400000 1.433333 1.466667 1.500000 1.533333 1.566667
1.600000 1.633333 1.666667 1.700000 1.733333 1.766667 1.800000 1.833333 1.866667 1.900000 1.933333 1.966667 2.000000 2.033333 2.066667 2.100000
2.133333 2.166667 2.200000 2.233333 2.266667 2.300000 2.333333</float_array><technique_common><accessor source="#Hips-Matrix-animation-input-array" count="71"><param name="TIME" type="float"/></accessor></technique_common></source><source id="Hips-Matrix-animation-output-transform"><float_array id="Hips-Matrix-animation-output-transform-array" count="1136">

0.994622 0.033598 -0.097975 -0.144205 0.007351 0.920645 0.390331 87.772240 0.103315 -0.388952 0.915447 0.510343 0.000000 0.000000 0.000000 1.000000
0.994582 0.034251 -0.098150 -0.127358 0.006845 0.920538 0.390592 87.813629 0.103729 -0.389148 0.915317 0.509700 0.000000 0.000000 0.000000 1.000000
0.994595 0.034369 -0.097981 -0.113186 0.006688 0.920465 0.390768 87.872444 0.103618 -0.389311 0.915260 0.507450 0.000000 0.000000 0.000000 1.000000
0.994642 0.034161 -0.097572 -0.106242 0.006726 0.920442 0.390821 87.936646 0.103160 -0.389383 0.915281 0.503853 0.000000 0.000000 0.000000 1.000000
0.994693 0.033736 -0.097203 -0.109306 0.006972 0.920448 0.390804 87.995003 0.102654 -0.389407 0.915327 0.501568 0.000000 0.000000 0.000000 1.000000
0.994705 0.033311 -0.097222 -0.116781 0.007364 0.920479 0.390723 88.039635 0.102506 -0.389370 0.915360 0.493942 0.000000 0.000000 0.000000 1.000000
0.994673 0.033183 -0.097597 -0.131305 0.007614 0.920539 0.390576 88.073219 0.102802 -0.389238 0.915383 0.483071 0.000000 0.000000 0.000000 1.000000
0.994641 0.033176 -0.097924 -0.145057 0.007719 0.920649 0.390315 88.099411 0.103102 -0.388979 0.915459 0.479786 0.000000 0.000000 0.000000 1.000000
0.994651 0.032991 -0.097880 -0.166391 0.007852 0.920728 0.390125 88.126755 0.102991 -0.388807 0.915544 0.476093 0.000000 0.000000 0.000000 1.000000
0.994679 0.032772 -0.097673 -0.189622 0.007986 0.920678 0.390241 88.154945 0.102714 -0.388944 0.915517 0.476784 0.000000 0.000000 0.000000 1.000000
0.994702 0.032444 -0.097550 -0.214577 0.008292 0.920483 0.390695 88.182243 0.102469 -0.389434 0.915337 0.479277 0.000000 0.000000 0.000000 1.000000
0.994721 0.031958 -0.097515 -0.238435 0.008786 0.920258 0.391213 88.208420 0.102241 -0.390005 0.915119 0.477798 0.000000 0.000000 0.000000 1.000000
0.994747 0.031517 -0.097389 -0.261610 0.009175 0.920137 0.391489 88.230843 0.101950 -0.390326 0.915015 0.476082 0.000000 0.000000 0.000000 1.000000
0.994790 0.031296 -0.097024 -0.283000 0.009232 0.920149 0.391459 88.248810 0.101527 -0.390316 0.915066 0.472147 0.000000 0.000000 0.000000 1.000000
0.994846 0.031116 -0.096507 -0.305226 0.009170 0.920242 0.391243 88.259407 0.100984 -0.390111 0.915213 0.461540 0.000000 0.000000 0.000000 1.000000
0.994877 0.031088 -0.096199 -0.324175 0.009041 0.920373 0.390937 88.263504 0.100693 -0.389804 0.915376 0.446723 0.000000 0.000000 0.000000 1.000000
0.994870 0.031165 -0.096237 -0.338156 0.008945 0.920531 0.390568 88.263885 0.100761 -0.389425 0.915530 0.430512 0.000000 0.000000 0.000000 1.000000
0.994843 0.031289 -0.096479 -0.348384 0.008879 0.920709 0.390150 88.259224 0.101037 -0.388994 0.915683 0.406543 0.000000 0.000000 0.000000 1.000000
0.994816 0.031426 -0.096710 -0.348275 0.008793 0.920901 0.389698 88.251190 0.101307 -0.388528 0.915851 0.384668 0.000000 0.000000 0.000000 1.000000
0.994796 0.031689 -0.096834 -0.337393 0.008550 0.921085 0.389268 88.239220 0.101528 -0.388070 0.916021 0.368865 0.000000 0.000000 0.000000 1.000000
0.994769 0.032049 -0.096988 -0.320503 0.008233 0.921258 0.388865 88.222496 0.101814 -0.387629 0.916175 0.356522 0.000000 0.000000 0.000000 1.000000
0.994719 0.032441 -0.097369 -0.300606 0.007960 0.921485 0.388333 88.202095 0.102322 -0.387058 0.916361 0.348074 0.000000 0.000000 0.000000 1.000000
0.994646 0.032716 -0.098022 -0.279506 0.007877 0.921796 0.387594 88.178131 0.103037 -0.386291 0.916604 0.343585 0.000000 0.000000 0.000000 1.000000
0.994580 0.032885 -0.098638 -0.264250 0.007874 0.922120 0.386823 88.155991 0.103677 -0.385503 0.916863 0.341497 0.000000 0.000000 0.000000 1.000000
0.994545 0.033000 -0.098953 -0.256516 0.007807 0.922429 0.386087 88.136772 0.104018 -0.384753 0.917140 0.339633 0.000000 0.000000 0.000000 1.000000
0.994564 0.033070 -0.098736 -0.261068 0.007555 0.922810 0.385180 88.121330 0.103852 -0.383833 0.917544 0.338989 0.000000 0.000000 0.000000 1.000000
0.994640 0.033279 -0.097899 -0.273727 0.006887 0.923366 0.383859 88.102455 0.103172 -0.382476 0.918187 0.331753 0.000000 0.000000 0.000000 1.000000
0.994760 0.033700 -0.096528 -0.296805 0.005769 0.924113 0.382075 88.077415 0.102079 -0.380630 0.919076 0.320710 0.000000 0.000000 0.000000 1.000000
0.994887 0.034281 -0.094997 -0.327935 0.004425 0.924930 0.380112 88.053673 0.100896 -0.378589 0.920049 0.305776 0.000000 0.000000 0.000000 1.000000
0.994978 0.034765 -0.093863 -0.358286 0.003362 0.925609 0.378465 88.025398 0.100038 -0.376880 0.920844 0.292011 0.000000 0.000000 0.000000 1.000000
0.995012 0.034829 -0.093480 -0.385379 0.003045 0.926030 0.377437 87.988190 0.099711 -0.375839 0.921305 0.283645 0.000000 0.000000 0.000000 1.000000
0.994985 0.034636 -0.093837 -0.404515 0.003312 0.926211 0.376992 87.952095 0.099970 -0.375412 0.921451 0.279474 0.000000 0.000000 0.000000 1.000000
0.994925 0.034416 -0.094549 -0.413518 0.003785 0.926216 0.376973 87.921303 0.100547 -0.375418 0.921386 0.282992 0.000000 0.000000 0.000000 1.000000
0.994861 0.034243 -0.095289 -0.414447 0.004258 0.926099 0.377255 87.898193 0.101165 -0.375722 0.921194 0.292892 0.000000 0.000000 0.000000 1.000000
0.994792 0.034169 -0.096029 -0.407829 0.004661 0.925902 0.377734 87.879692 0.101820 -0.376215 0.920921 0.299895 0.000000 0.000000 0.000000 1.000000
0.994728 0.034220 -0.096670 -0.398495 0.004911 0.925700 0.378228 87.870804 0.102430 -0.376709 0.920651 0.297867 0.000000 0.000000 0.000000 1.000000
0.994688 0.034332 -0.097039 -0.389937 0.004979 0.925583 0.378511 87.862900 0.102813 -0.376984 0.920496 0.288758 0.000000 0.000000 0.000000 1.000000
0.994687 0.034317 -0.097057 -0.380791 0.005010 0.925548 0.378597 87.853607 0.102823 -0.377072 0.920459 0.280015 0.000000 0.000000 0.000000 1.000000
0.994697 0.034304 -0.096956 -0.374810 0.004990 0.925527 0.378648 87.842552 0.102725 -0.377124 0.920448 0.273114 0.000000 0.000000 0.000000 1.000000
0.994705 0.034414 -0.096833 -0.374779 0.004842 0.925519 0.378671 87.830597 0.102653 -0.377135 0.920452 0.265649 0.000000 0.000000 0.000000 1.000000
0.994712 0.034710 -0.096659 -0.381148 0.004503 0.925515 0.378685 87.817696 0.102603 -0.377118 0.920464 0.258519 0.000000 0.000000 0.000000 1.000000
0.994737 0.034994 -0.096298 -0.389776 0.004101 0.925516 0.378686 87.805130 0.102377 -0.377088 0.920502 0.254719 0.000000 0.000000 0.000000 1.000000
0.994806 0.034968 -0.095596 -0.401805 0.003856 0.925522 0.378673 87.790619 0.101718 -0.377075 0.920580 0.260633 0.000000 0.000000 0.000000 1.000000
0.994888 0.034861 -0.094777 -0.413171 0.003642 0.925528 0.378662 87.779274 0.100919 -0.377072 0.920669 0.268679 0.000000 0.000000 0.000000 1.000000
0.994935 0.034941 -0.094250 -0.419598 0.003367 0.925531 0.378658 87.768051 0.100462 -0.377058 0.920725 0.280544 0.000000 0.000000 0.000000 1.000000
0.994933 0.035098 -0.094216 -0.421055 0.003207 0.925535 0.378649 87.755676 0.100490 -0.377032 0.920732 0.292448 0.000000 0.000000 0.000000 1.000000
0.994909 0.034988 -0.094510 -0.417497 0.003419 0.925541 0.378631 87.743103 0.100720 -0.377026 0.920710 0.309035 0.000000 0.000000 0.000000 1.000000
0.994879 0.034704 -0.094930 -0.409791 0.003842 0.925542 0.378625 87.734184 0.101002 -0.377051 0.920669 0.319200 0.000000 0.000000 0.000000 1.000000
0.994851 0.034388 -0.095334 -0.399125 0.004297 0.925514 0.378688 87.729767 0.101255 -0.377148 0.920601 0.324868 0.000000 0.000000 0.000000 1.000000
0.994821 0.034234 -0.095709 -0.383127 0.004604 0.925436 0.378876 87.728493 0.101543 -0.377354 0.920485 0.329606 0.000000 0.000000 0.000000 1.000000
0.994809 0.034193 -0.095848 -0.368251 0.004719 0.925347 0.379092 87.729042 0.101654 -0.377577 0.920382 0.324817 0.000000 0.000000 0.000000 1.000000
0.994830 0.034189 -0.095621 -0.357316 0.004656 0.925275 0.379268 87.736389 0.101443 -0.377752 0.920333 0.316020 0.000000 0.000000 0.000000 1.000000
0.994873 0.034245 -0.095163 -0.348490 0.004460 0.925157 0.379558 87.746880 0.101038 -0.378036 0.920261 0.309969 0.000000 0.000000 0.000000 1.000000
0.994914 0.034210 -0.094744 -0.338230 0.004418 0.924840 0.380332 87.756973 0.100634 -0.378816 0.919984 0.305002 0.000000 0.000000 0.000000 1.000000
0.994950 0.033945 -0.094456 -0.325826 0.004731 0.924170 0.381951 87.770248 0.100259 -0.380470 0.919343 0.301684 0.000000 0.000000 0.000000 1.000000
0.994981 0.033542 -0.094274 -0.312788 0.005299 0.923161 0.384378 87.777367 0.099923 -0.382948 0.918350 0.304561 0.000000 0.000000 0.000000 1.000000
0.994978 0.033318 -0.094384 -0.298182 0.005852 0.921993 0.387162 87.782532 0.099921 -0.385770 0.917168 0.322039 0.000000 0.000000 0.000000 1.000000
0.994918 0.033135 -0.095079 -0.283803 0.006595 0.920824 0.389922 87.782913 0.100471 -0.388567 0.915926 0.354844 0.000000 0.000000 0.000000 1.000000
0.994887 0.032892 -0.095492 -0.269463 0.007112 0.920319 0.391103 87.787300 0.100748 -0.389783 0.915379 0.377450 0.000000 0.000000 0.000000 1.000000
0.994867 0.032632 -0.095786 -0.256060 0.007559 0.919969 0.391918 87.788353 0.100909 -0.390630 0.915000 0.400003 0.000000 0.000000 0.000000 1.000000
0.994848 0.032639 -0.095978 -0.242106 0.007685 0.919750 0.392430 87.787132 0.101084 -0.391145 0.914761 0.420763 0.000000 0.000000 0.000000 1.000000
0.994828 0.032691 -0.096167 -0.227893 0.007737 0.919650 0.392662 87.784119 0.101277 -0.391376 0.914641 0.439128 0.000000 0.000000 0.000000 1.000000
0.994812 0.032695 -0.096333 -0.214860 0.007800 0.919648 0.392666 87.782890 0.101431 -0.391380 0.914622 0.452002 0.000000 0.000000 0.000000 1.000000
0.994798 0.032695 -0.096483 -0.205282 0.007839 0.919723 0.392489 87.782227 0.101570 -0.391203 0.914682 0.462582 0.000000 0.000000 0.000000 1.000000
0.994781 0.032732 -0.096637 -0.198116 0.007831 0.919855 0.392181 87.780334 0.101729 -0.390891 0.914798 0.472891 0.000000 0.000000 0.000000 1.000000
0.994758 0.032850 -0.096838 -0.190124 0.007758 0.920022 0.391790 87.780670 0.101963 -0.390487 0.914944 0.478526 0.000000 0.000000 0.000000 1.000000
0.994738 0.032934 -0.097018 -0.182814 0.007704 0.920203 0.391367 87.780594 0.102166 -0.390054 0.915106 0.484853 0.000000 0.000000 0.000000 1.000000
0.994713 0.033072 -0.097225 -0.174794 0.007613 0.920377 0.390959 87.779533 0.102413 -0.389632 0.915259 0.491421 0.000000 0.000000 0.000000 1.000000
0.994686 0.033229 -0.097442 -0.165787 0.007514 0.920523 0.390617 87.780014 0.102677 -0.389274 0.915382 0.495457 0.000000 0.000000 0.000000 1.000000
0.994656 0.033401 -0.097694 -0.155732 0.007429 0.920620 0.390390 87.778938 0.102979 -0.389029 0.915452 0.500986 0.000000 0.000000 0.000000 1.000000
0.994622 0.033615 -0.097964 -0.144266 0.007330 0.920644 0.390333 87.772202 0.103311 -0.388952 0.915447 0.510476 0.000000 0.000000 0.000000 1.000000</float_array><technique_common><accessor source="#Hips-Matrix-animation-output-transform-array" count="71" stride="16"><param type="float4x4"/></accessor></technique_common></source><source id="Hips-Interpolations"><Name_array id="Hips-Interpolations-array" count="71">
 LINEAR LINEAR LINEAR LINEAR LINEAR LINEAR LINEAR LINEAR LINEAR LINEAR LINEAR
LINEAR LINEAR LINEAR LINEAR LINEAR LINEAR LINEAR LINEAR LINEAR LINEAR LINEAR LINEAR
LINEAR LINEAR LINEAR LINEAR LINEAR LINEAR LINEAR LINEAR LINEAR LINEAR LINEAR LINEAR
LINEAR LINEAR LINEAR LINEAR LINEAR LINEAR LINEAR LINEAR LINEAR LINEAR LINEAR LINEAR
LINEAR LINEAR LINEAR LINEAR LINEAR LINEAR LINEAR LINEAR LINEAR LINEAR LINEAR LINEAR
LINEAR LINEAR LINEAR LINEAR LINEAR LINEAR LINEAR LINEAR LINEAR LINEAR LINEAR LINEAR</Name_array><technique_common><accessor source="#Hips-Interpolations-array" count="71"><param type="name"/></accessor></technique_common></source><sampler id="Hips-Matrix-animation-transform"><input semantic="INPUT" source="#Hips-Matrix-animation-input"/><input semantic="OUTPUT" source="#Hips-Matrix-animation-output-transform"/><input semantic="INTERPOLATION" source="#Hips-Interpolations"/></sampler><channel source="#Hips-Matrix-animation-transform" target="Hips/matrix"/></animation>
    <animation id="Spine-anim" name="Spine"><source id="Spine-Matrix-animation-input"><float_array id="Spine-Matrix-animation-input-array" count="71">

0.000000 0.033333 0.066667 0.100000 0.133333 0.166667 0.200000 0.233333 0.266667 0.300000 0.333333 0.366667 0.400000 0.433333 0.466667 0.500000
0.533333 0.566667 0.600000 0.633333 0.666667 0.700000 0.733333 0.766667 0.800000 0.833333 0.866667 0.900000 0.933333 0.966667 1.000000 1.033333
1.066667 1.100000 1.133333 1.166667 1.200000 1.233333 1.266667 1.300000 1.333333 1.366667 1.400000 1.433333 1.466667 1.500000 1.533333 1.566667
1.600000 1.633333 1.666667 1.700000 1.733333 1.766667 1.800000 1.833333 1.866667 1.900000 1.933333 1.966667 2.000000 2.033333 2.066667 2.100000
2.133333 2.166667 2.200000 2.233333 2.266667 2.300000 2.333333</float_array><technique_common><accessor source="#Spine-Matrix-animation-input-array" count="71"><param name="TIME" type="float"/></accessor></technique_common></source><source id="Spine-Matrix-animation-output-transform"><float_array id="Spine-Matrix-animation-output-transform-array" count="1136">

0.999845 0.004437 -0.017019 0.009000 -0.006675 0.990988 -0.133785 7.062600 0.016272 0.133878 0.990864 -0.984700 0.000000 0.000000 0.000000 1.000000
0.999848 0.004153 -0.016956 0.009000 -0.006383 0.991006 -0.133663 7.062600 0.016248 0.133751 0.990882 -0.984700 0.000000 0.000000 0.000000 1.000000
0.999847 0.004078 -0.016999 0.009000 -0.006312 0.991027 -0.133516 7.062600 0.016302 0.133603 0.990901 -0.984700 0.000000 0.000000 0.000000 1.000000
0.999845 0.004150 -0.017087 0.009000 -0.006391 0.991060 -0.133265 7.062600 0.016381 0.133353 0.990933 -0.984700 0.000000 0.000000 0.000000 1.000000
0.999842 0.004352 -0.017209 0.009000 -0.006602 0.991100 -0.132955 7.062600 0.016478 0.133048 0.990973 -0.984700 0.000000 0.000000 0.000000 1.000000
0.999840 0.004529 -0.017280 0.009000 -0.006783 0.991138 -0.132666 7.062600 0.016526 0.132762 0.991010 -0.984700 0.000000 0.000000 0.000000 1.000000
0.999841 0.004577 -0.017225 0.009000 -0.006817 0.991179 -0.132353 7.062600 0.016468 0.132449 0.991053 -0.984700 0.000000 0.000000 0.000000 1.000000
0.999843 0.004541 -0.017142 0.009000 -0.006764 0.991233 -0.131952 7.062600 0.016392 0.132048 0.991108 -0.984700 0.000000 0.000000 0.000000 1.000000
0.999842 0.004679 -0.017166 0.009000 -0.006898 0.991283 -0.131573 7.062600 0.016401 0.131670 0.991158 -0.984700 0.000000 0.000000 0.000000 1.000000
0.999841 0.004796 -0.017157 0.009000 -0.007007 0.991323 -0.131264 7.062600 0.016378 0.131363 0.991199 -0.984700 0.000000 0.000000 0.000000 1.000000
0.999841 0.004959 -0.017129 0.009000 -0.007162 0.991349 -0.131057 7.062600 0.016331 0.131159 0.991227 -0.984700 0.000000 0.000000 0.000000 1.000000
0.999839 0.005213 -0.017143 0.009000 -0.007414 0.991366 -0.130914 7.062600 0.016312 0.131020 0.991246 -0.984700 0.000000 0.000000 0.000000 1.000000
0.999838 0.005433 -0.017149 0.009000 -0.007629 0.991391 -0.130709 7.062600 0.016291 0.130819 0.991272 -0.984700 0.000000 0.000000 0.000000 1.000000
0.999838 0.005518 -0.017117 0.009000 -0.007705 0.991429 -0.130420 7.062600 0.016250 0.130531 0.991311 -0.984700 0.000000 0.000000 0.000000 1.000000
0.999837 0.005631 -0.017132 0.009000 -0.007814 0.991465 -0.130142 7.062600 0.016253 0.130255 0.991347 -0.984700 0.000000 0.000000 0.000000 1.000000
0.999838 0.005666 -0.017100 0.009000 -0.007840 0.991499 -0.129880 7.062600 0.016218 0.129993 0.991382 -0.984700 0.000000 0.000000 0.000000 1.000000
0.999839 0.005634 -0.017036 0.009000 -0.007795 0.991534 -0.129614 7.062600 0.016162 0.129726 0.991418 -0.984700 0.000000 0.000000 0.000000 1.000000
0.999840 0.005601 -0.016989 0.009000 -0.007753 0.991562 -0.129404 7.062600 0.016120 0.129515 0.991446 -0.984700 0.000000 0.000000 0.000000 1.000000
0.999841 0.005562 -0.016955 0.009000 -0.007707 0.991588 -0.129201 7.062600 0.016093 0.129311 0.991473 -0.984700 0.000000 0.000000 0.000000 1.000000
0.999843 0.005413 -0.016882 0.009000 -0.007547 0.991614 -0.129011 7.062600 0.016042 0.129118 0.991499 -0.984700 0.000000 0.000000 0.000000 1.000000
0.999845 0.005155 -0.016809 0.009000 -0.007279 0.991633 -0.128885 7.062600 0.016004 0.128988 0.991517 -0.984700 0.000000 0.000000 0.000000 1.000000
0.999847 0.004890 -0.016767 0.009000 -0.007009 0.991652 -0.128754 7.062600 0.015998 0.128852 0.991535 -0.984700 0.000000 0.000000 0.000000 1.000000
0.999849 0.004675 -0.016743 0.009000 -0.006790 0.991674 -0.128593 7.062600 0.016002 0.128687 0.991556 -0.984700 0.000000 0.000000 0.000000 1.000000
0.999849 0.004546 -0.016757 0.009000 -0.006662 0.991690 -0.128477 7.062600 0.016034 0.128569 0.991571 -0.984700 0.000000 0.000000 0.000000 1.000000
0.999850 0.004428 -0.016734 0.009000 -0.006541 0.991696 -0.128440 7.062600 0.016026 0.128531 0.991576 -0.984700 0.000000 0.000000 0.000000 1.000000
0.999851 0.004367 -0.016721 0.009000 -0.006478 0.991700 -0.128410 7.062600 0.016022 0.128499 0.991580 -0.984700 0.000000 0.000000 0.000000 1.000000
0.999851 0.004294 -0.016692 0.009000 -0.006401 0.991716 -0.128293 7.062600 0.016003 0.128381 0.991596 -0.984700 0.000000 0.000000 0.000000 1.000000
0.999853 0.004140 -0.016636 0.009000 -0.006238 0.991743 -0.128091 7.062600 0.015968 0.128176 0.991623 -0.984700 0.000000 0.000000 0.000000 1.000000
0.999856 0.003911 -0.016541 0.009000 -0.005994 0.991775 -0.127851 7.062600 0.015905 0.127932 0.991655 -0.984700 0.000000 0.000000 0.000000 1.000000
0.999858 0.003700 -0.016442 0.009000 -0.005771 0.991793 -0.127725 7.062600 0.015835 0.127802 0.991673 -0.984700 0.000000 0.000000 0.000000 1.000000
0.999858 0.003768 -0.016427 0.009000 -0.005836 0.991792 -0.127726 7.062600 0.015810 0.127804 0.991673 -0.984700 0.000000 0.000000 0.000000 1.000000
0.999857 0.003943 -0.016425 0.009000 -0.006010 0.991786 -0.127770 7.062600 0.015787 0.127851 0.991668 -0.984700 0.000000 0.000000 0.000000 1.000000
0.999857 0.004099 -0.016404 0.009000 -0.006163 0.991776 -0.127837 7.062600 0.015745 0.127920 0.991660 -0.984700 0.000000 0.000000 0.000000 1.000000
0.999856 0.004189 -0.016417 0.009000 -0.006256 0.991765 -0.127920 7.062600 0.015746 0.128004 0.991649 -0.984700 0.000000 0.000000 0.000000 1.000000
0.999856 0.004253 -0.016417 0.009000 -0.006321 0.991748 -0.128043 7.062600 0.015737 0.128129 0.991633 -0.984700 0.000000 0.000000 0.000000 1.000000
0.999856 0.004289 -0.016422 0.009000 -0.006360 0.991723 -0.128238 7.062600 0.015736 0.128324 0.991608 -0.984700 0.000000 0.000000 0.000000 1.000000
0.999855 0.004323 -0.016442 0.009000 -0.006400 0.991694 -0.128464 7.062600 0.015750 0.128551 0.991578 -0.984700 0.000000 0.000000 0.000000 1.000000
0.999855 0.004386 -0.016480 0.009000 -0.006471 0.991666 -0.128673 7.062600 0.015778 0.128761 0.991550 -0.984700 0.000000 0.000000 0.000000 1.000000
0.999854 0.004435 -0.016509 0.009000 -0.006527 0.991633 -0.128923 7.062600 0.015799 0.129012 0.991517 -0.984700 0.000000 0.000000 0.000000 1.000000
0.999854 0.004398 -0.016484 0.009000 -0.006491 0.991596 -0.129208 7.062600 0.015777 0.129296 0.991480 -0.984700 0.000000 0.000000 0.000000 1.000000
0.999855 0.004339 -0.016443 0.009000 -0.006433 0.991559 -0.129496 7.062600 0.015742 0.129583 0.991444 -0.984700 0.000000 0.000000 0.000000 1.000000
0.999857 0.004237 -0.016370 0.009000 -0.006326 0.991525 -0.129766 7.062600 0.015681 0.129851 0.991410 -0.984700 0.000000 0.000000 0.000000 1.000000
0.999857 0.004255 -0.016375 0.009000 -0.006349 0.991495 -0.129991 7.062600 0.015683 0.130076 0.991380 -0.984700 0.000000 0.000000 0.000000 1.000000
0.999855 0.004356 -0.016435 0.009000 -0.006460 0.991467 -0.130201 7.062600 0.015728 0.130288 0.991351 -0.984700 0.000000 0.000000 0.000000 1.000000
0.999855 0.004400 -0.016460 0.009000 -0.006509 0.991444 -0.130371 7.062600 0.015746 0.130459 0.991329 -0.984700 0.000000 0.000000 0.000000 1.000000
0.999856 0.004354 -0.016429 0.009000 -0.006461 0.991426 -0.130510 7.062600 0.015720 0.130598 0.991311 -0.984700 0.000000 0.000000 0.000000 1.000000
0.999855 0.004371 -0.016440 0.009000 -0.006482 0.991412 -0.130614 7.062600 0.015728 0.130701 0.991297 -0.984700 0.000000 0.000000 0.000000 1.000000
0.999854 0.004419 -0.016476 0.009000 -0.006536 0.991395 -0.130740 7.062600 0.015757 0.130828 0.991280 -0.984700 0.000000 0.000000 0.000000 1.000000
0.999853 0.004508 -0.016546 0.009000 -0.006636 0.991375 -0.130889 7.062600 0.015813 0.130980 0.991259 -0.984700 0.000000 0.000000 0.000000 1.000000
0.999853 0.004498 -0.016543 0.009000 -0.006629 0.991350 -0.131076 7.062600 0.015810 0.131166 0.991234 -0.984700 0.000000 0.000000 0.000000 1.000000
0.999854 0.004450 -0.016518 0.009000 -0.006581 0.991319 -0.131317 7.062600 0.015790 0.131406 0.991203 -0.984700 0.000000 0.000000 0.000000 1.000000
0.999853 0.004458 -0.016528 0.009000 -0.006593 0.991297 -0.131481 7.062600 0.015798 0.131570 0.991181 -0.984700 0.000000 0.000000 0.000000 1.000000
0.999853 0.004473 -0.016550 0.009000 -0.006612 0.991283 -0.131586 7.062600 0.015817 0.131677 0.991167 -0.984700 0.000000 0.000000 0.000000 1.000000
0.999853 0.004487 -0.016576 0.009000 -0.006634 0.991251 -0.131826 7.062600 0.015839 0.131917 0.991134 -0.984700 0.000000 0.000000 0.000000 1.000000
0.999851 0.004571 -0.016645 0.009000 -0.006735 0.991175 -0.132390 7.062600 0.015893 0.132483 0.991058 -0.984700 0.000000 0.000000 0.000000 1.000000
0.999849 0.004695 -0.016747 0.009000 -0.006885 0.991061 -0.133231 7.062600 0.015972 0.133327 0.990943 -0.984700 0.000000 0.000000 0.000000 1.000000
0.999847 0.004798 -0.016837 0.009000 -0.007014 0.990941 -0.134117 7.062600 0.016041 0.134215 0.990822 -0.984700 0.000000 0.000000 0.000000 1.000000
0.999845 0.004933 -0.016927 0.009000 -0.007173 0.990830 -0.134923 7.062600 0.016106 0.135023 0.990712 -0.984700 0.000000 0.000000 0.000000 1.000000
0.999841 0.005109 -0.017057 0.009000 -0.007369 0.990793 -0.135187 7.062600 0.016209 0.135291 0.990673 -0.984700 0.000000 0.000000 0.000000 1.000000
0.999838 0.005324 -0.017208 0.009000 -0.007606 0.990767 -0.135361 7.062600 0.016328 0.135470 0.990647 -0.984700 0.000000 0.000000 0.000000 1.000000
0.999836 0.005438 -0.017295 0.009000 -0.007732 0.990757 -0.135425 7.062600 0.016399 0.135536 0.990637 -0.984700 0.000000 0.000000 0.000000 1.000000
0.999835 0.005451 -0.017323 0.009000 -0.007748 0.990759 -0.135411 7.062600 0.016425 0.135522 0.990638 -0.984700 0.000000 0.000000 0.000000 1.000000
0.999834 0.005474 -0.017356 0.009000 -0.007773 0.990769 -0.135341 7.062600 0.016455 0.135454 0.990647 -0.984700 0.000000 0.000000 0.000000 1.000000
0.999834 0.005461 -0.017387 0.009000 -0.007762 0.990788 -0.135202 7.062600 0.016488 0.135315 0.990665 -0.984700 0.000000 0.000000 0.000000 1.000000
0.999834 0.005407 -0.017388 0.009000 -0.007706 0.990813 -0.135016 7.062600 0.016498 0.135128 0.990691 -0.984700 0.000000 0.000000 0.000000 1.000000
0.999836 0.005302 -0.017321 0.009000 -0.007590 0.990841 -0.134818 7.062600 0.016447 0.134927 0.990719 -0.984700 0.000000 0.000000 0.000000 1.000000
0.999837 0.005194 -0.017278 0.009000 -0.007474 0.990872 -0.134599 7.062600 0.016422 0.134706 0.990750 -0.984700 0.000000 0.000000 0.000000 1.000000
0.999839 0.005027 -0.017209 0.009000 -0.007295 0.990904 -0.134372 7.062600 0.016377 0.134475 0.990782 -0.984700 0.000000 0.000000 0.000000 1.000000
0.999841 0.004817 -0.017159 0.009000 -0.007076 0.990937 -0.134143 7.062600 0.016357 0.134244 0.990813 -0.984700 0.000000 0.000000 0.000000 1.000000
0.999843 0.004660 -0.017114 0.009000 -0.006911 0.990964 -0.133947 7.062600 0.016335 0.134044 0.990841 -0.984700 0.000000 0.000000 0.000000 1.000000
0.999844 0.004532 -0.017052 0.009000 -0.006774 0.990986 -0.133796 7.062600 0.016292 0.133891 0.990862 -0.984700 0.000000 0.000000 0.000000 1.000000</float_array><technique_common><accessor source="#Spine-Matrix-animation-output-transform-array" count="71" stride="16"><param type="float4x4"/></accessor></technique_common></source><source id="Spine-Interpolations"><Name_array id="Spine-Interpolations-array" count="71">
 LINEAR LINEAR LINEAR LINEAR LINEAR LINEAR LINEAR LINEAR LINEAR LINEAR LINEAR
LINEAR LINEAR LINEAR LINEAR LINEAR LINEAR LINEAR LINEAR LINEAR LINEAR LINEAR LINEAR
LINEAR LINEAR LINEAR LINEAR LINEAR LINEAR LINEAR LINEAR LINEAR LINEAR LINEAR LINEAR
LINEAR LINEAR LINEAR LINEAR LINEAR LINEAR LINEAR LINEAR LINEAR LINEAR LINEAR LINEAR
LINEAR LINEAR LINEAR LINEAR LINEAR LINEAR LINEAR LINEAR LINEAR LINEAR LINEAR LINEAR
LINEAR LINEAR LINEAR LINEAR LINEAR LINEAR LINEAR LINEAR LINEAR LINEAR LINEAR LINEAR</Name_array><technique_common><accessor source="#Spine-Interpolations-array" count="71"><param type="name"/></accessor></technique_common></source><sampler id="Spine-Matrix-animation-transform"><input semantic="INPUT" source="#Spine-Matrix-animation-input"/><input semantic="OUTPUT" source="#Spine-Matrix-animation-output-transform"/><input semantic="INTERPOLATION" source="#Spine-Interpolations"/></sampler><channel source="#Spine-Matrix-animation-transform" target="Spine/matrix"/></animation>
    <animation id="Spine1-anim" name="Spine1"><source id="Spine1-Matrix-animation-input"><float_array id="Spine1-Matrix-animation-input-array" count="71">

0.000000 0.033333 0.066667 0.100000 0.133333 0.166667 0.200000 0.233333 0.266667 0.300000 0.333333 0.366667 0.400000 0.433333 0.466667 0.500000
0.533333 0.566667 0.600000 0.633333 0.666667 0.700000 0.733333 0.766667 0.800000 0.833333 0.866667 0.900000 0.933333 0.966667 1.000000 1.033333
1.066667 1.100000 1.133333 1.166667 1.200000 1.233333 1.266667 1.300000 1.333333 1.366667 1.400000 1.433333 1.466667 1.500000 1.533333 1.566667
1.600000 1.633333 1.666667 1.700000 1.733333 1.766667 1.800000 1.833333 1.866667 1.900000 1.933333 1.966667 2.000000 2.033333 2.066667 2.100000
2.133333 2.166667 2.200000 2.233333 2.266667 2.300000 2.333333</float_array><technique_common><accessor source="#Spine1-Matrix-animation-input-array" count="71"><param name="TIME" type="float"/></accessor></technique_common></source><source id="Spine1-Matrix-animation-output-transform"><float_array id="Spine1-Matrix-animation-output-transform-array" count="1136">

0.999525 0.009588 -0.029301 0.012400 -0.017017 0.964096 -0.265008 8.239700 0.025708 0.265380 0.963801 -1.148800 0.000000 0.000000 0.000000 1.000000
0.999533 0.009063 -0.029168 0.012400 -0.016469 0.964170 -0.264774 8.239700 0.025724 0.265131 0.963869 -1.148800 0.000000 0.000000 0.000000 1.000000
0.999540 0.008658 -0.029062 0.012400 -0.016043 0.964253 -0.264497 8.239700 0.025733 0.264841 0.963949 -1.148800 0.000000 0.000000 0.000000 1.000000
0.999543 0.008466 -0.029004 0.012400 -0.015830 0.964389 -0.264015 8.239700 0.025736 0.264353 0.964082 -1.148800 0.000000 0.000000 0.000000 1.000000
0.999544 0.008477 -0.028996 0.012400 -0.015822 0.964552 -0.263419 8.239700 0.025735 0.263757 0.964246 -1.148800 0.000000 0.000000 0.000000 1.000000
0.999541 0.008628 -0.029024 0.012400 -0.015960 0.964702 -0.262858 8.239700 0.025731 0.263201 0.964398 -1.148800 0.000000 0.000000 0.000000 1.000000
0.999538 0.008902 -0.029066 0.012400 -0.016219 0.964865 -0.262243 8.239700 0.025710 0.262593 0.964564 -1.148800 0.000000 0.000000 0.000000 1.000000
0.999536 0.009073 -0.029087 0.012400 -0.016369 0.965076 -0.261459 8.239700 0.025698 0.261814 0.964776 -1.148800 0.000000 0.000000 0.000000 1.000000
0.999533 0.009288 -0.029121 0.012400 -0.016565 0.965273 -0.260719 8.239700 0.025688 0.261079 0.964975 -1.148800 0.000000 0.000000 0.000000 1.000000
0.999529 0.009567 -0.029165 0.012400 -0.016830 0.965431 -0.260114 8.239700 0.025668 0.260482 0.965137 -1.148800 0.000000 0.000000 0.000000 1.000000
0.999523 0.010004 -0.029227 0.012400 -0.017257 0.965534 -0.259706 8.239700 0.025621 0.260086 0.965245 -1.148800 0.000000 0.000000 0.000000 1.000000
0.999516 0.010511 -0.029296 0.012400 -0.017759 0.965601 -0.259422 8.239700 0.025562 0.259817 0.965320 -1.148800 0.000000 0.000000 0.000000 1.000000
0.999509 0.010945 -0.029351 0.012400 -0.018181 0.965701 -0.259020 8.239700 0.025509 0.259426 0.965426 -1.148800 0.000000 0.000000 0.000000 1.000000
0.999506 0.011197 -0.029371 0.012400 -0.018415 0.965848 -0.258454 8.239700 0.025474 0.258867 0.965577 -1.148800 0.000000 0.000000 0.000000 1.000000
0.999504 0.011364 -0.029377 0.012400 -0.018564 0.965990 -0.257913 8.239700 0.025447 0.258330 0.965721 -1.148800 0.000000 0.000000 0.000000 1.000000
0.999502 0.011519 -0.029386 0.012400 -0.018702 0.966124 -0.257398 8.239700 0.025426 0.257819 0.965859 -1.148800 0.000000 0.000000 0.000000 1.000000
0.999500 0.011650 -0.029395 0.012400 -0.018817 0.966261 -0.256876 8.239700 0.025411 0.257300 0.965997 -1.148800 0.000000 0.000000 0.000000 1.000000
0.999499 0.011729 -0.029401 0.012400 -0.018885 0.966369 -0.256465 8.239700 0.025404 0.256892 0.966106 -1.148800 0.000000 0.000000 0.000000 1.000000
0.999499 0.011742 -0.029396 0.012400 -0.018885 0.966475 -0.256067 8.239700 0.025404 0.256494 0.966212 -1.148800 0.000000 0.000000 0.000000 1.000000
0.999501 0.011617 -0.029359 0.012400 -0.018745 0.966576 -0.255694 8.239700 0.025408 0.256117 0.966312 -1.148800 0.000000 0.000000 0.000000 1.000000
0.999506 0.011296 -0.029323 0.012400 -0.018419 0.966647 -0.255450 8.239700 0.025459 0.255864 0.966378 -1.148800 0.000000 0.000000 0.000000 1.000000
0.999511 0.010907 -0.029296 0.012400 -0.018029 0.966721 -0.255196 8.239700 0.025538 0.255599 0.966446 -1.148800 0.000000 0.000000 0.000000 1.000000
0.999514 0.010601 -0.029305 0.012400 -0.017727 0.966810 -0.254881 8.239700 0.025630 0.255276 0.966528 -1.148800 0.000000 0.000000 0.000000 1.000000
0.999514 0.010427 -0.029371 0.012400 -0.017570 0.966873 -0.254654 8.239700 0.025743 0.255046 0.966586 -1.148800 0.000000 0.000000 0.000000 1.000000
0.999514 0.010326 -0.029400 0.012400 -0.017477 0.966894 -0.254581 8.239700 0.025797 0.254971 0.966604 -1.148800 0.000000 0.000000 0.000000 1.000000
0.999515 0.010267 -0.029405 0.012400 -0.017420 0.966910 -0.254521 8.239700 0.025819 0.254910 0.966620 -1.148800 0.000000 0.000000 0.000000 1.000000
0.999516 0.010186 -0.029397 0.012400 -0.017334 0.966972 -0.254293 8.239700 0.025836 0.254679 0.966680 -1.148800 0.000000 0.000000 0.000000 1.000000
0.999519 0.009998 -0.029366 0.012400 -0.017133 0.967079 -0.253898 8.239700 0.025861 0.254279 0.966785 -1.148800 0.000000 0.000000 0.000000 1.000000
0.999522 0.009751 -0.029325 0.012400 -0.016871 0.967207 -0.253430 8.239700 0.025892 0.253803 0.966909 -1.148800 0.000000 0.000000 0.000000 1.000000
0.999524 0.009599 -0.029314 0.012400 -0.016714 0.967275 -0.253180 8.239700 0.025924 0.253550 0.966975 -1.148800 0.000000 0.000000 0.000000 1.000000
0.999521 0.009817 -0.029353 0.012400 -0.016935 0.967271 -0.253179 8.239700 0.025906 0.253555 0.966974 -1.148800 0.000000 0.000000 0.000000 1.000000
0.999514 0.010248 -0.029430 0.012400 -0.017374 0.967242 -0.253260 8.239700 0.025870 0.253649 0.966950 -1.148800 0.000000 0.000000 0.000000 1.000000
0.999508 0.010667 -0.029489 0.012400 -0.017798 0.967202 -0.253386 8.239700 0.025819 0.253786 0.966916 -1.148800 0.000000 0.000000 0.000000 1.000000
0.999505 0.010858 -0.029521 0.012400 -0.017996 0.967156 -0.253545 8.239700 0.025798 0.253951 0.966873 -1.148800 0.000000 0.000000 0.000000 1.000000
0.999503 0.011001 -0.029532 0.012400 -0.018143 0.967091 -0.253784 8.239700 0.025768 0.254194 0.966810 -1.148800 0.000000 0.000000 0.000000 1.000000
0.999502 0.011094 -0.029536 0.012400 -0.018244 0.966990 -0.254162 8.239700 0.025742 0.254574 0.966711 -1.148800 0.000000 0.000000 0.000000 1.000000
0.999502 0.011124 -0.029540 0.012400 -0.018286 0.966872 -0.254604 8.239700 0.025729 0.255018 0.966594 -1.148800 0.000000 0.000000 0.000000 1.000000
0.999501 0.011142 -0.029542 0.012400 -0.018314 0.966764 -0.255013 8.239700 0.025719 0.255427 0.966486 -1.148800 0.000000 0.000000 0.000000 1.000000
0.999501 0.011144 -0.029542 0.012400 -0.018329 0.966635 -0.255501 8.239700 0.025709 0.255915 0.966357 -1.148800 0.000000 0.000000 0.000000 1.000000
0.999502 0.011140 -0.029540 0.012400 -0.018340 0.966488 -0.256056 8.239700 0.025698 0.256470 0.966210 -1.148800 0.000000 0.000000 0.000000 1.000000
0.999502 0.011138 -0.029539 0.012400 -0.018352 0.966340 -0.256614 8.239700 0.025687 0.257029 0.966062 -1.148800 0.000000 0.000000 0.000000 1.000000
0.999501 0.011142 -0.029541 0.012400 -0.018371 0.966200 -0.257137 8.239700 0.025677 0.257552 0.965923 -1.148800 0.000000 0.000000 0.000000 1.000000
0.999501 0.011166 -0.029550 0.012400 -0.018408 0.966082 -0.257577 8.239700 0.025672 0.257992 0.965806 -1.148800 0.000000 0.000000 0.000000 1.000000
0.999500 0.011209 -0.029566 0.012400 -0.018464 0.965972 -0.257987 8.239700 0.025668 0.258404 0.965696 -1.148800 0.000000 0.000000 0.000000 1.000000
0.999500 0.011228 -0.029571 0.012400 -0.018493 0.965882 -0.258320 8.239700 0.025661 0.258737 0.965607 -1.148800 0.000000 0.000000 0.000000 1.000000
0.999500 0.011235 -0.029570 0.012400 -0.018507 0.965810 -0.258590 8.239700 0.025654 0.259008 0.965535 -1.148800 0.000000 0.000000 0.000000 1.000000
0.999500 0.011241 -0.029569 0.012400 -0.018518 0.965756 -0.258792 8.239700 0.025647 0.259210 0.965480 -1.148800 0.000000 0.000000 0.000000 1.000000
0.999500 0.011244 -0.029569 0.012400 -0.018527 0.965689 -0.259039 8.239700 0.025641 0.259457 0.965414 -1.148800 0.000000 0.000000 0.000000 1.000000
0.999500 0.011244 -0.029568 0.012400 -0.018534 0.965610 -0.259333 8.239700 0.025635 0.259751 0.965335 -1.148800 0.000000 0.000000 0.000000 1.000000
0.999500 0.011235 -0.029565 0.012400 -0.018535 0.965513 -0.259696 8.239700 0.025628 0.260114 0.965238 -1.148800 0.000000 0.000000 0.000000 1.000000
0.999500 0.011206 -0.029560 0.012400 -0.018518 0.965387 -0.260164 8.239700 0.025622 0.260581 0.965112 -1.148800 0.000000 0.000000 0.000000 1.000000
0.999501 0.011152 -0.029540 0.012400 -0.018469 0.965301 -0.260485 8.239700 0.025610 0.260901 0.965026 -1.148800 0.000000 0.000000 0.000000 1.000000
0.999504 0.011057 -0.029495 0.012400 -0.018371 0.965247 -0.260694 8.239700 0.025587 0.261106 0.964971 -1.148800 0.000000 0.000000 0.000000 1.000000
0.999506 0.010964 -0.029453 0.012400 -0.018283 0.965121 -0.261163 8.239700 0.025562 0.261573 0.964845 -1.148800 0.000000 0.000000 0.000000 1.000000
0.999507 0.010907 -0.029441 0.012400 -0.018253 0.964823 -0.262266 8.239700 0.025545 0.262674 0.964546 -1.148800 0.000000 0.000000 0.000000 1.000000
0.999507 0.010866 -0.029444 0.012400 -0.018259 0.964375 -0.263907 8.239700 0.025528 0.264315 0.964098 -1.148800 0.000000 0.000000 0.000000 1.000000
0.999508 0.010826 -0.029442 0.012400 -0.018264 0.963900 -0.265636 8.239700 0.025503 0.266043 0.963624 -1.148800 0.000000 0.000000 0.000000 1.000000
0.999508 0.010857 -0.029435 0.012400 -0.018335 0.963465 -0.267206 8.239700 0.025459 0.267614 0.963190 -1.148800 0.000000 0.000000 0.000000 1.000000
0.999509 0.010802 -0.029400 0.012400 -0.018286 0.963322 -0.267726 8.239700 0.025429 0.268132 0.963046 -1.148800 0.000000 0.000000 0.000000 1.000000
0.999511 0.010740 -0.029351 0.012400 -0.018222 0.963226 -0.268075 8.239700 0.025393 0.268479 0.962951 -1.148800 0.000000 0.000000 0.000000 1.000000
0.999514 0.010646 -0.029295 0.012400 -0.018120 0.963191 -0.268205 8.239700 0.025361 0.268606 0.962916 -1.148800 0.000000 0.000000 0.000000 1.000000
0.999517 0.010538 -0.029246 0.012400 -0.018002 0.963200 -0.268181 8.239700 0.025343 0.268577 0.962925 -1.148800 0.000000 0.000000 0.000000 1.000000
0.999519 0.010428 -0.029199 0.012400 -0.017880 0.963239 -0.268050 8.239700 0.025331 0.268443 0.962962 -1.148800 0.000000 0.000000 0.000000 1.000000
0.999521 0.010301 -0.029170 0.012400 -0.017743 0.963316 -0.267782 8.239700 0.025342 0.268172 0.963038 -1.148800 0.000000 0.000000 0.000000 1.000000
0.999522 0.010214 -0.029166 0.012400 -0.017649 0.963418 -0.267421 8.239700 0.025367 0.267808 0.963138 -1.148800 0.000000 0.000000 0.000000 1.000000
0.999522 0.010198 -0.029172 0.012400 -0.017625 0.963526 -0.267032 8.239700 0.025385 0.267419 0.963246 -1.148800 0.000000 0.000000 0.000000 1.000000
0.999523 0.010126 -0.029189 0.012400 -0.017549 0.963646 -0.266604 8.239700 0.025428 0.266989 0.963364 -1.148800 0.000000 0.000000 0.000000 1.000000
0.999523 0.010031 -0.029212 0.012400 -0.017451 0.963771 -0.266158 8.239700 0.025484 0.266541 0.963487 -1.148800 0.000000 0.000000 0.000000 1.000000
0.999523 0.009864 -0.029275 0.012400 -0.017294 0.963898 -0.265711 8.239700 0.025597 0.266091 0.963608 -1.148800 0.000000 0.000000 0.000000 1.000000
0.999522 0.009768 -0.029345 0.012400 -0.017211 0.964005 -0.265326 8.239700 0.025697 0.265705 0.963712 -1.148800 0.000000 0.000000 0.000000 1.000000
0.999521 0.009761 -0.029373 0.012400 -0.017203 0.964087 -0.265029 8.239700 0.025732 0.265407 0.963793 -1.148800 0.000000 0.000000 0.000000 1.000000</float_array><technique_common><accessor source="#Spine1-Matrix-animation-output-transform-array" count="71" stride="16"><param type="float4x4"/></accessor></technique_common></source><source id="Spine1-Interpolations"><Name_array id="Spine1-Interpolations-array" count="71">
 LINEAR LINEAR LINEAR LINEAR LINEAR LINEAR LINEAR LINEAR LINEAR LINEAR LINEAR
LINEAR LINEAR LINEAR LINEAR LINEAR LINEAR LINEAR LINEAR LINEAR LINEAR LINEAR LINEAR
LINEAR LINEAR LINEAR LINEAR LINEAR LINEAR LINEAR LINEAR LINEAR LINEAR LINEAR LINEAR
LINEAR LINEAR LINEAR LINEAR LINEAR LINEAR LINEAR LINEAR LINEAR LINEAR LINEAR LINEAR
LINEAR LINEAR LINEAR LINEAR LINEAR LINEAR LINEAR LINEAR LINEAR LINEAR LINEAR LINEAR
LINEAR LINEAR LINEAR LINEAR LINEAR LINEAR LINEAR LINEAR LINEAR LINEAR LINEAR LINEAR</Name_array><technique_common><accessor source="#Spine1-Interpolations-array" count="71"><param type="name"/></accessor></technique_common></source><sampler id="Spine1-Matrix-animation-transform"><input semantic="INPUT" source="#Spine1-Matrix-animation-input"/><input semantic="OUTPUT" source="#Spine1-Matrix-animation-output-transform"/><input semantic="INTERPOLATION" source="#Spine1-Interpolations"/></sampler><channel source="#Spine1-Matrix-animation-transform" target="Spine1/matrix"/></animation>
    <animation id="Spine2-anim" name="Spine2"><source id="Spine2-Matrix-animation-input"><float_array id="Spine2-Matrix-animation-input-array" count="71">

0.000000 0.033333 0.066667 0.100000 0.133333 0.166667 0.200000 0.233333 0.266667 0.300000 0.333333 0.366667 0.400000 0.433333 0.466667 0.500000
0.533333 0.566667 0.600000 0.633333 0.666667 0.700000 0.733333 0.766667 0.800000 0.833333 0.866667 0.900000 0.933333 0.966667 1.000000 1.033333
1.066667 1.100000 1.133333 1.166667 1.200000 1.233333 1.266667 1.300000 1.333333 1.366667 1.400000 1.433333 1.466667 1.500000 1.533333 1.566667
1.600000 1.633333 1.666667 1.700000 1.733333 1.766667 1.800000 1.833333 1.866667 1.900000 1.933333 1.966667 2.000000 2.033333 2.066667 2.100000
