<?xml version="1.0" encoding="utf-8"?>
<COLLADA xmlns="http://www.collada.org/2005/11/COLLADASchema" version="1.4.1">
  <asset><contributor><author>Mixamo</author><authoring_tool>COLLADA Mixamo exporter</authoring_tool><comments></comments></contributor><created>2021-02-16T19:16:00Z</created><modified>2021-02-16T19:16:00Z</modified><revision></revision><title></title><unit meter="0.010000"/><up_axis>Y_UP</up_axis></asset>
  <library_animations>
    <animation id="Hips-anim" name="Hips"><source id="Hips-Matrix-animation-input"><float_array id="Hips-Matrix-animation-input-array" count="40">

0.000000 0.033333 0.066667 0.100000 0.133333 0.166667 0.200000 0.233333 0.266667 0.300000 0.333333 0.366667 0.400000 0.433333 0.466667 0.500000
0.533333 0.566667 0.600000 0.633333 0.666667 0.700000 0.733333 0.766667 0.800000 0.833333 0.866667 0.900000 0.933333 0.966667 1.000000 1.033333
1.066667 1.100000 1.133333 1.166667 1.200000 1.233333 1.266667 1.300000</float_array><technique_common><accessor source="#Hips-Matrix-animation-input-array" count="40"><param name="TIME" type="float"/></accessor></technique_common></source><source id="Hips-Matrix-animation-output-transform"><float_array id="Hips-Matrix-animation-output-transform-array" count="640">

0.872283 0.021692 0.488521 -14.485332 -0.244505 0.884516 0.397302 147.159012 -0.423486 -0.466006 0.776852 53.868603 0.000000 0.000000 0.000000 1.000000
0.902764 0.063416 0.425437 -13.804272 -0.231253 0.905526 0.355731 145.133896 -0.362685 -0.419525 0.832141 51.542038 0.000000 0.000000 0.000000 1.000000
0.928578 0.102653 0.356657 -12.922842 -0.220744 0.925289 0.308404 142.838150 -0.298352 -0.365107 0.881863 49.669281 0.000000 0.000000 0.000000 1.000000
0.950961 0.139066 0.276285 -11.937766 -0.213554 0.941361 0.261217 140.277466 -0.223757 -0.307409 0.924896 48.227482 0.000000 0.000000 0.000000 1.000000
0.965359 0.166133 0.201203 -10.826677 -0.209068 0.953864 0.215488 137.398697 -0.156121 -0.250088 0.955553 47.218220 0.000000 0.000000 0.000000 1.000000
0.973945 0.184397 0.132016 -9.548321 -0.205242 0.964317 0.167235 134.446060 -0.096467 -0.189973 0.977039 46.820007 0.000000 0.000000 0.000000 1.000000
0.978646 0.195266 0.064216 -8.169466 -0.201593 0.972785 0.114234 131.309967 -0.040163 -0.124740 0.991376 46.990509 0.000000 0.000000 0.000000 1.000000
0.979830 0.199747 0.005893 -6.673823 -0.199735 0.977987 0.060400 128.399918 0.006301 -0.060359 0.998157 47.524578 0.000000 0.000000 0.000000 1.000000
0.979505 0.197910 -0.037439 -5.427687 -0.197755 0.980220 0.007838 125.684509 0.038249 -0.000274 0.999268 48.642464 0.000000 0.000000 0.000000 1.000000
0.979104 0.191813 -0.067557 -4.249607 -0.194851 0.979949 -0.041626 123.244896 0.058218 0.053920 0.996847 50.037117 0.000000 0.000000 0.000000 1.000000
0.979798 0.182793 -0.081128 -2.950027 -0.189628 0.978038 -0.086508 121.084747 0.063533 0.100145 0.992942 51.707775 0.000000 0.000000 0.000000 1.000000
0.981896 0.172331 -0.078631 -1.684441 -0.181276 0.975310 -0.126132 119.036865 0.054953 0.138102 0.988892 53.565205 0.000000 0.000000 0.000000 1.000000
0.984838 0.161469 -0.063419 -0.441850 -0.169751 0.972343 -0.160421 117.259254 0.035762 0.168754 0.985009 55.595596 0.000000 0.000000 0.000000 1.000000
0.988003 0.150891 -0.032890 0.734878 -0.154393 0.969950 -0.188044 115.661987 0.003528 0.190866 0.981610 57.677055 0.000000 0.000000 0.000000 1.000000
0.990013 0.140977 -0.000113 1.737339 -0.137876 0.968070 -0.209358 114.105560 -0.029405 0.207283 0.977839 59.856087 0.000000 0.000000 0.000000 1.000000
0.991103 0.131348 0.021495 2.593720 -0.123298 0.966909 -0.223349 112.698006 -0.050120 0.218712 0.974501 62.150383 0.000000 0.000000 0.000000 1.000000
0.991990 0.121483 0.034622 3.324054 -0.110347 0.966773 -0.230592 111.552818 -0.061485 0.224924 0.972434 64.559113 0.000000 0.000000 0.000000 1.000000
0.992833 0.111376 0.043344 3.902170 -0.098742 0.968752 -0.227528 110.807068 -0.067330 0.221617 0.972806 67.106323 0.000000 0.000000 0.000000 1.000000
0.993728 0.101002 0.047995 4.383205 -0.088369 0.972288 -0.216441 110.384659 -0.068526 0.210842 0.975115 69.636490 0.000000 0.000000 0.000000 1.000000
0.994654 0.090388 0.049929 4.712281 -0.078642 0.976430 -0.200998 110.026337 -0.066920 0.195997 0.978318 72.255180 0.000000 0.000000 0.000000 1.000000
0.996037 0.079480 0.039925 4.989585 -0.070989 0.980819 -0.181534 109.714310 -0.053588 0.177981 0.982574 74.747437 0.000000 0.000000 0.000000 1.000000
0.997438 0.068514 0.020566 5.214060 -0.064288 0.984643 -0.162311 109.437111 -0.031371 0.160573 0.986525 77.301529 0.000000 0.000000 0.000000 1.000000
0.998314 0.058022 0.001552 5.356860 -0.057217 0.988257 -0.141681 109.199051 -0.009754 0.141353 0.989911 79.718597 0.000000 0.000000 0.000000 1.000000
0.998746 0.049323 -0.008529 5.411624 -0.049990 0.991573 -0.119514 108.996536 0.002562 0.119790 0.992796 82.081779 0.000000 0.000000 0.000000 1.000000
0.999052 0.042148 -0.010928 5.432020 -0.043001 0.994495 -0.095552 108.824844 0.006841 0.095931 0.995364 84.281349 0.000000 0.000000 0.000000 1.000000
0.999289 0.036491 -0.009488 5.446976 -0.037074 0.996785 -0.071026 108.675598 0.006866 0.071328 0.997429 86.126564 0.000000 0.000000 0.000000 1.000000
0.999485 0.031376 -0.006661 5.445569 -0.031657 0.998379 -0.047300 108.546021 0.005167 0.047486 0.998859 87.366234 0.000000 0.000000 0.000000 1.000000
0.999646 0.026517 -0.002247 5.432746 -0.026566 0.999319 -0.025590 108.434181 0.001566 0.025641 0.999670 88.262985 0.000000 0.000000 0.000000 1.000000
0.999755 0.021943 0.002761 5.418928 -0.021923 0.999735 -0.007009 108.339500 -0.002914 0.006946 0.999972 88.868576 0.000000 0.000000 0.000000 1.000000
0.999821 0.017761 0.006464 5.401428 -0.017811 0.999811 0.007844 108.261810 -0.006323 -0.007958 0.999948 89.148964 0.000000 0.000000 0.000000 1.000000
0.999858 0.013953 0.009479 5.380704 -0.014140 0.999701 0.019933 108.200653 -0.009198 -0.020064 0.999756 89.148300 0.000000 0.000000 0.000000 1.000000
0.999869 0.010619 0.012249 5.357555 -0.010968 0.999526 0.028776 108.155983 -0.011938 -0.028907 0.999511 88.962936 0.000000 0.000000 0.000000 1.000000
0.999860 0.007573 0.014925 5.330463 -0.008088 0.999362 0.034798 108.126816 -0.014652 -0.034914 0.999283 88.710114 0.000000 0.000000 0.000000 1.000000
0.999836 0.004838 0.017445 5.299989 -0.005487 0.999288 0.037327 108.112213 -0.017252 -0.037416 0.999151 88.413521 0.000000 0.000000 0.000000 1.000000
0.999796 0.002600 0.020045 5.246623 -0.003333 0.999322 0.036664 108.110458 -0.019936 -0.036723 0.999127 88.032310 0.000000 0.000000 0.000000 1.000000
0.999747 0.000880 0.022487 5.183880 -0.001627 0.999446 0.033238 108.119911 -0.022445 -0.033266 0.999194 87.651604 0.000000 0.000000 0.000000 1.000000
0.999699 -0.000391 0.024532 5.117089 -0.000306 0.999597 0.028380 108.138672 -0.024533 -0.028379 0.999296 87.254715 0.000000 0.000000 0.000000 1.000000
0.999657 -0.001179 0.026178 5.034755 0.000569 0.999728 0.023308 108.163246 -0.026199 -0.023285 0.999386 86.792061 0.000000 0.000000 0.000000 1.000000
0.999618 -0.001339 0.027622 4.939786 0.000803 0.999811 0.019413 108.190140 -0.027643 -0.019383 0.999430 86.263329 0.000000 0.000000 0.000000 1.000000
0.999584 -0.000866 0.028843 4.852702 0.000357 0.999844 0.017662 108.216522 -0.028854 -0.017644 0.999428 85.664902 0.000000 0.000000 0.000000 1.000000</float_array><technique_common><accessor source="#Hips-Matrix-animation-output-transform-array" count="40" stride="16"><param type="float4x4"/></accessor></technique_common></source><source id="Hips-Interpolations"><Name_array id="Hips-Interpolations-array" count="40">
 LINEAR LINEAR LINEAR LINEAR LINEAR LINEAR LINEAR LINEAR LINEAR LINEAR LINEAR
LINEAR LINEAR LINEAR LINEAR LINEAR LINEAR LINEAR LINEAR LINEAR LINEAR LINEAR LINEAR
LINEAR LINEAR LINEAR LINEAR LINEAR LINEAR LINEAR LINEAR LINEAR LINEAR LINEAR LINEAR
LINEAR LINEAR LINEAR LINEAR LINEAR</Name_array><technique_common><accessor source="#Hips-Interpolations-array" count="40"><param type="name"/></accessor></technique_common></source><sampler id="Hips-Matrix-animation-transform"><input semantic="INPUT" source="#Hips-Matrix-animation-input"/><input semantic="OUTPUT" source="#Hips-Matrix-animation-output-transform"/><input semantic="INTERPOLATION" source="#Hips-Interpolations"/></sampler><channel source="#Hips-Matrix-animation-transform" target="Hips/matrix"/></animation>
    <animation id="Spine-anim" name="Spine"><source id="Spine-Matrix-animation-input"><float_array id="Spine-Matrix-animation-input-array" count="40">

0.000000 0.033333 0.066667 0.100000 0.133333 0.166667 0.200000 0.233333 0.266667 0.300000 0.333333 0.366667 0.400000 0.433333 0.466667 0.500000
0.533333 0.566667 0.600000 0.633333 0.666667 0.700000 0.733333 0.766667 0.800000 0.833333 0.866667 0.900000 0.933333 0.966667 1.000000 1.033333
1.066667 1.100000 1.133333 1.166667 1.200000 1.233333 1.266667 1.300000</float_array><technique_common><accessor source="#Spine-Matrix-animation-input-array" count="40"><param name="TIME" type="float"/></accessor></technique_common></source><source id="Spine-Matrix-animation-output-transform"><float_array id="Spine-Matrix-animation-output-transform-array" count="640">

0.998851 -0.021232 -0.042961 0.009000 0.012982 0.982859 -0.183903 7.062600 0.046130 0.183134 0.982005 -0.984700 0.000000 0.000000 0.000000 1.000000
0.999091 -0.021643 -0.036728 0.009000 0.015008 0.984954 -0.172167 7.062600 0.039901 0.171459 0.984383 -0.984700 0.000000 0.000000 0.000000 1.000000
0.999285 -0.023309 -0.029778 0.009000 0.018326 0.987293 -0.157848 7.062600 0.033079 0.157189 0.987014 -0.984700 0.000000 0.000000 0.000000 1.000000
0.999465 -0.025455 -0.020522 0.009000 0.022256 0.989420 -0.143360 7.062600 0.023955 0.142827 0.989458 -0.984700 0.000000 0.000000 0.000000 1.000000
0.999524 -0.028319 -0.012202 0.009000 0.026504 0.991238 -0.129405 7.062600 0.015760 0.129020 0.991517 -0.984700 0.000000 0.000000 0.000000 1.000000
0.999537 -0.030008 -0.005013 0.009000 0.029235 0.992971 -0.114686 7.062600 0.008420 0.114486 0.993389 -0.984700 0.000000 0.000000 0.000000 1.000000
0.999494 -0.031715 0.002423 0.009000 0.031800 0.994663 -0.098158 7.062600 0.000703 0.098186 0.995168 -0.984700 0.000000 0.000000 0.000000 1.000000
0.999447 -0.032166 0.008388 0.009000 0.032744 0.996138 -0.081471 7.062600 -0.005735 0.081700 0.996640 -0.984700 0.000000 0.000000 0.000000 1.000000
0.999448 -0.031074 0.011735 0.009000 0.031759 0.997473 -0.063551 7.062600 -0.009731 0.063888 0.997910 -0.984700 0.000000 0.000000 0.000000 1.000000
0.999444 -0.030669 0.013113 0.009000 0.031249 0.998422 -0.046657 7.062600 -0.011662 0.047040 0.998825 -0.984700 0.000000 0.000000 0.000000 1.000000
0.999472 -0.030291 0.011746 0.009000 0.030642 0.999052 -0.030926 7.062600 -0.010798 0.031269 0.999453 -0.984700 0.000000 0.000000 0.000000 1.000000
0.999546 -0.029140 0.007608 0.009000 0.029264 0.999431 -0.016796 7.062600 -0.007114 0.017011 0.999830 -0.984700 0.000000 0.000000 0.000000 1.000000
0.999622 -0.027447 0.001484 0.009000 0.027452 0.999615 -0.003925 7.062600 -0.001376 0.003965 0.999991 -0.984700 0.000000 0.000000 0.000000 1.000000
0.999641 -0.025898 -0.006873 0.009000 0.025943 0.999643 0.006440 7.062600 0.006704 -0.006616 0.999956 -0.984700 0.000000 0.000000 0.000000 1.000000
0.999598 -0.023965 -0.015150 0.009000 0.024196 0.999591 0.015216 7.062600 0.014779 -0.015577 0.999769 -0.984700 0.000000 0.000000 0.000000 1.000000
0.999538 -0.022264 -0.020681 0.009000 0.022731 0.999485 0.022642 7.062600 0.020167 -0.023102 0.999530 -0.984700 0.000000 0.000000 0.000000 1.000000
0.999476 -0.021636 -0.024068 0.009000 0.022322 0.999341 0.028620 7.062600 0.023433 -0.029142 0.999301 -0.984700 0.000000 0.000000 0.000000 1.000000
0.999444 -0.020412 -0.026363 0.009000 0.021298 0.999201 0.033809 7.062600 0.025652 -0.034352 0.999081 -0.984700 0.000000 0.000000 0.000000 1.000000
0.999441 -0.018897 -0.027586 0.009000 0.019889 0.999150 0.036116 7.062600 0.026880 -0.036645 0.998967 -0.984700 0.000000 0.000000 0.000000 1.000000
0.999467 -0.016715 -0.028053 0.009000 0.017751 0.999153 0.037127 7.062600 0.027409 -0.037606 0.998917 -0.984700 0.000000 0.000000 0.000000 1.000000
0.999556 -0.014861 -0.025815 0.009000 0.015818 0.999180 0.037279 7.062600 0.025240 -0.037670 0.998971 -0.984700 0.000000 0.000000 0.000000 1.000000
0.999681 -0.013339 -0.021449 0.009000 0.014138 0.999194 0.037565 7.062600 0.020930 -0.037856 0.999064 -0.984700 0.000000 0.000000 0.000000 1.000000
0.999792 -0.011563 -0.016813 0.009000 0.012187 0.999221 0.037539 7.062600 0.016366 -0.037737 0.999154 -0.984700 0.000000 0.000000 0.000000 1.000000
0.999861 -0.009524 -0.013700 0.009000 0.010033 0.999244 0.037570 7.062600 0.013332 -0.037702 0.999200 -0.984700 0.000000 0.000000 0.000000 1.000000
0.999902 -0.007402 -0.011868 0.009000 0.007844 0.999261 0.037640 7.062600 0.011580 -0.037730 0.999221 -0.984700 0.000000 0.000000 0.000000 1.000000
0.999926 -0.005911 -0.010647 0.009000 0.006304 0.999283 0.037335 7.062600 0.010418 -0.037400 0.999246 -0.984700 0.000000 0.000000 0.000000 1.000000
0.999943 -0.004681 -0.009617 0.009000 0.005028 0.999323 0.036442 7.062600 0.009440 -0.036488 0.999289 -0.984700 0.000000 0.000000 0.000000 1.000000
0.999953 -0.003766 -0.008929 0.009000 0.004085 0.999346 0.035915 7.062600 0.008788 -0.035950 0.999315 -0.984700 0.000000 0.000000 0.000000 1.000000
0.999959 -0.003276 -0.008433 0.009000 0.003580 0.999337 0.036232 7.062600 0.008309 -0.036260 0.999308 -0.984700 0.000000 0.000000 0.000000 1.000000
0.999966 -0.002927 -0.007670 0.009000 0.003208 0.999314 0.036903 7.062600 0.007557 -0.036926 0.999289 -0.984700 0.000000 0.000000 0.000000 1.000000
0.999974 -0.002643 -0.006760 0.009000 0.002898 0.999276 0.037929 7.062600 0.006655 -0.037948 0.999258 -0.984700 0.000000 0.000000 0.000000 1.000000
0.999980 -0.002621 -0.005821 0.009000 0.002849 0.999218 0.039439 7.062600 0.005713 -0.039454 0.999205 -0.984700 0.000000 0.000000 0.000000 1.000000
0.999983 -0.003008 -0.004900 0.009000 0.003208 0.999136 0.041440 7.062600 0.004771 -0.041455 0.999129 -0.984700 0.000000 0.000000 0.000000 1.000000
0.999986 -0.003540 -0.004030 0.009000 0.003714 0.999030 0.043886 7.062600 0.003870 -0.043900 0.999028 -0.984700 0.000000 0.000000 0.000000 1.000000
0.999987 -0.003869 -0.003303 0.009000 0.004018 0.998914 0.046409 7.062600 0.003120 -0.046422 0.998917 -0.984700 0.000000 0.000000 0.000000 1.000000
0.999988 -0.004007 -0.002813 0.009000 0.004139 0.998797 0.048860 7.062600 0.002614 -0.048871 0.998802 -0.984700 0.000000 0.000000 0.000000 1.000000
0.999989 -0.003987 -0.002547 0.009000 0.004111 0.998693 0.050950 7.062600 0.002340 -0.050960 0.998698 -0.984700 0.000000 0.000000 0.000000 1.000000
0.999990 -0.003801 -0.002400 0.009000 0.003921 0.998621 0.052359 7.062600 0.002198 -0.052368 0.998625 -0.984700 0.000000 0.000000 0.000000 1.000000
0.999989 -0.003983 -0.002307 0.009000 0.004098 0.998634 0.052089 7.062600 0.002097 -0.052098 0.998640 -0.984700 0.000000 0.000000 0.000000 1.000000
0.999986 -0.004799 -0.002172 0.009000 0.004900 0.998790 0.048931 7.062600 0.001934 -0.048941 0.998800 -0.984700 0.000000 0.000000 0.000000 1.000000</float_array><technique_common><accessor source="#Spine-Matrix-animation-output-transform-array" count="40" stride="16"><param type="float4x4"/></accessor></technique_common></source><source id="Spine-Interpolations"><Name_array id="Spine-Interpolations-array" count="40">
 LINEAR LINEAR LINEAR LINEAR LINEAR LINEAR LINEAR LINEAR LINEAR LINEAR LINEAR
LINEAR LINEAR LINEAR LINEAR LINEAR LINEAR LINEAR LINEAR LINEAR LINEAR LINEAR LINEAR
LINEAR LINEAR LINEAR LINEAR LINEAR LINEAR LINEAR LINEAR LINEAR LINEAR LINEAR LINEAR
LINEAR LINEAR LINEAR LINEAR LINEAR</Name_array><technique_common><accessor source="#Spine-Interpolations-array" count="40"><param type="name"/></accessor></technique_common></source><sampler id="Spine-Matrix-animation-transform"><input semantic="INPUT" source="#Spine-Matrix-animation-input"/><input semantic="OUTPUT" source="#Spine-Matrix-animation-output-transform"/><input semantic="INTERPOLATION" source="#Spine-Interpolations"/></sampler><channel source="#Spine-Matrix-animation-transform" target="Spine/matrix"/></animation>
    <animation id="Spine1-anim" name="Spine1"><source id="Spine1-Matrix-animation-input"><float_array id="Spine1-Matrix-animation-input-array" count="40">

0.000000 0.033333 0.066667 0.100000 0.133333 0.166667 0.200000 0.233333 0.266667 0.300000 0.333333 0.366667 0.400000 0.433333 0.466667 0.500000
0.533333 0.566667 0.600000 0.633333 0.666667 0.700000 0.733333 0.766667 0.800000 0.833333 0.866667 0.900000 0.933333 0.966667 1.000000 1.033333
1.066667 1.100000 1.133333 1.166667 1.200000 1.233333 1.266667 1.300000</float_array><technique_common><accessor source="#Spine1-Matrix-animation-input-array" count="40"><param name="TIME" type="float"/></accessor></technique_common></source><source id="Spine1-Matrix-animation-output-transform"><float_array id="Spine1-Matrix-animation-output-transform-array" count="640">

0.994665 -0.039113 -0.095459 0.012400 0.002030 0.932580 -0.360958 8.239700 0.103141 0.358839 0.927683 -1.148800 0.000000 0.000000 0.000000 1.000000
0.995877 -0.037399 -0.082642 0.012400 0.007219 0.940837 -0.338782 8.239700 0.090423 0.336788 0.937228 -1.148800 0.000000 0.000000 0.000000 1.000000
0.996948 -0.037731 -0.068339 0.012400 0.014607 0.950135 -0.311495 8.239700 0.076684 0.309547 0.947787 -1.148800 0.000000 0.000000 0.000000 1.000000
0.998034 -0.038806 -0.049218 0.012400 0.023286 0.958639 -0.283671 8.239700 0.058190 0.281967 0.957658 -1.148800 0.000000 0.000000 0.000000 1.000000
0.998623 -0.041783 -0.031736 0.012400 0.032261 0.965969 -0.256638 8.239700 0.041379 0.255261 0.965986 -1.148800 0.000000 0.000000 0.000000 1.000000
0.998944 -0.042867 -0.016550 0.012400 0.037976 0.972947 -0.227885 8.239700 0.025871 0.227015 0.973547 -1.148800 0.000000 0.000000 0.000000 1.000000
0.999020 -0.044247 -0.000785 0.012400 0.043241 0.979772 -0.195388 8.239700 0.009414 0.195162 0.980726 -1.148800 0.000000 0.000000 0.000000 1.000000
0.998976 -0.043630 0.012001 0.012400 0.045001 0.985698 -0.162403 8.239700 -0.004744 0.162776 0.986652 -1.148800 0.000000 0.000000 0.000000 1.000000
0.998985 -0.040596 0.019519 0.012400 0.042750 0.991000 -0.126856 8.239700 -0.014194 0.127562 0.991729 -1.148800 0.000000 0.000000 0.000000 1.000000
0.998950 -0.039519 0.023189 0.012400 0.041519 0.994779 -0.093230 8.239700 -0.019383 0.094095 0.995374 -1.148800 0.000000 0.000000 0.000000 1.000000
0.999013 -0.038973 0.021328 0.012400 0.040225 0.997275 -0.061844 8.239700 -0.018860 0.062641 0.997858 -1.148800 0.000000 0.000000 0.000000 1.000000
0.999217 -0.037075 0.013809 0.012400 0.037521 0.998730 -0.033610 8.239700 -0.012545 0.034102 0.999340 -1.148800 0.000000 0.000000 0.000000 1.000000
0.999416 -0.034101 0.002216 0.012400 0.034117 0.999387 -0.007859 8.239700 -0.001947 0.007930 0.999967 -1.148800 0.000000 0.000000 0.000000 1.000000
0.999412 -0.031323 -0.013953 0.012400 0.031503 0.999420 0.012911 8.239700 0.013540 -0.013343 0.999819 -1.148800 0.000000 0.000000 0.000000 1.000000
0.999172 -0.027473 -0.030022 0.012400 0.028389 0.999131 0.030519 8.239700 0.029157 -0.031346 0.999083 -1.148800 0.000000 0.000000 0.000000 1.000000
0.998896 -0.023583 -0.040623 0.012400 0.025425 0.998644 0.045432 8.239700 0.039497 -0.046415 0.998141 -1.148800 0.000000 0.000000 0.000000 1.000000
0.998664 -0.021660 -0.046912 0.012400 0.024344 0.998053 0.057426 8.239700 0.045577 -0.058492 0.997247 -1.148800 0.000000 0.000000 0.000000 1.000000
0.998529 -0.018317 -0.051024 0.012400 0.021765 0.997457 0.067860 8.239700 0.049652 -0.068871 0.996389 -1.148800 0.000000 0.000000 0.000000 1.000000
0.998489 -0.014371 -0.053049 0.012400 0.018207 0.997199 0.072550 8.239700 0.051858 -0.073406 0.995953 -1.148800 0.000000 0.000000 0.000000 1.000000
0.998520 -0.009183 -0.053610 0.012400 0.013178 0.997122 0.074663 8.239700 0.052770 -0.075259 0.995767 -1.148800 0.000000 0.000000 0.000000 1.000000
0.998794 -0.004755 -0.048861 0.012400 0.008416 0.997148 0.075007 8.239700 0.048365 -0.075327 0.995985 -1.148800 0.000000 0.000000 0.000000 1.000000
0.999201 -0.001186 -0.039942 0.012400 0.004204 0.997133 0.075547 8.239700 0.039738 -0.075655 0.996342 -1.148800 0.000000 0.000000 0.000000 1.000000
0.999528 0.002561 -0.030608 0.012400 -0.000245 0.997151 0.075431 8.239700 0.030714 -0.075388 0.996681 -1.148800 0.000000 0.000000 0.000000 1.000000
0.999680 0.006652 -0.024409 0.012400 -0.004793 0.997139 0.075444 8.239700 0.024841 -0.075303 0.996851 -1.148800 0.000000 0.000000 0.000000 1.000000
0.999725 0.010785 -0.020847 0.012400 -0.009181 0.997099 0.075557 8.239700 0.021601 -0.075345 0.996924 -1.148800 0.000000 0.000000 0.000000 1.000000
0.999734 0.013699 -0.018558 0.012400 -0.012272 0.997113 0.074928 8.239700 0.019531 -0.074680 0.997016 -1.148800 0.000000 0.000000 0.000000 1.000000
0.999732 0.016063 -0.016699 0.012400 -0.014801 0.997213 0.073125 8.239700 0.017827 -0.072858 0.997183 -1.148800 0.000000 0.000000 0.000000 1.000000
0.999721 0.017771 -0.015528 0.012400 -0.016608 0.997262 0.072059 8.239700 0.016766 -0.071781 0.997279 -1.148800 0.000000 0.000000 0.000000 1.000000
0.999718 0.018621 -0.014720 0.012400 -0.017504 0.997202 0.072678 8.239700 0.016032 -0.072400 0.997247 -1.148800 0.000000 0.000000 0.000000 1.000000
0.999727 0.019164 -0.013354 0.012400 -0.018125 0.997094 0.073996 8.239700 0.014734 -0.073733 0.997169 -1.148800 0.000000 0.000000 0.000000 1.000000
0.999741 0.019534 -0.011670 0.012400 -0.018591 0.996933 0.076014 8.239700 0.013119 -0.075778 0.997038 -1.148800 0.000000 0.000000 0.000000 1.000000
0.999764 0.019331 -0.009892 0.012400 -0.018490 0.996704 0.078994 8.239700 0.011386 -0.078793 0.996826 -1.148800 0.000000 0.000000 0.000000 1.000000
0.999800 0.018264 -0.008121 0.012400 -0.017528 0.996399 0.082954 8.239700 0.009607 -0.082795 0.996520 -1.148800 0.000000 0.000000 0.000000 1.000000
0.999837 0.016864 -0.006398 0.012400 -0.016238 0.996006 0.087801 8.239700 0.007853 -0.087683 0.996117 -1.148800 0.000000 0.000000 0.000000 1.000000
0.999862 0.015865 -0.004898 0.012400 -0.015342 0.995566 0.092805 8.239700 0.006349 -0.092717 0.995672 -1.148800 0.000000 0.000000 0.000000 1.000000
0.999878 0.015180 -0.003778 0.012400 -0.014739 0.995109 0.097672 8.239700 0.005242 -0.097605 0.995211 -1.148800 0.000000 0.000000 0.000000 1.000000
0.999889 0.014579 -0.002963 0.012400 -0.014202 0.994701 0.101825 8.239700 0.004432 -0.101772 0.994798 -1.148800 0.000000 0.000000 0.000000 1.000000
0.999897 0.014172 -0.002350 0.012400 -0.013848 0.994415 0.104623 8.239700 0.003820 -0.104580 0.994509 -1.148800 0.000000 0.000000 0.000000 1.000000
0.999913 0.013077 -0.001973 0.012400 -0.012801 0.994487 0.104079 8.239700 0.003323 -0.104044 0.994567 -1.148800 0.000000 0.000000 0.000000 1.000000
0.999939 0.010910 -0.001745 0.012400 -0.010687 0.995150 0.097783 8.239700 0.002803 -0.097758 0.995206 -1.148800 0.000000 0.000000 0.000000 1.000000</float_array><technique_common><accessor source="#Spine1-Matrix-animation-output-transform-array" count="40" stride="16"><param type="float4x4"/></accessor></technique_common></source><source id="Spine1-Interpolations"><Name_array id="Spine1-Interpolations-array" count="40">
 LINEAR LINEAR LINEAR LINEAR LINEAR LINEAR LINEAR LINEAR LINEAR LINEAR LINEAR
LINEAR LINEAR LINEAR LINEAR LINEAR LINEAR LINEAR LINEAR LINEAR LINEAR LINEAR LINEAR
LINEAR LINEAR LINEAR LINEAR LINEAR LINEAR LINEAR LINEAR LINEAR LINEAR LINEAR LINEAR
LINEAR LINEAR LINEAR LINEAR LINEAR</Name_array><technique_common><accessor source="#Spine1-Interpolations-array" count="40"><param type="name"/></accessor></technique_common></source><sampler id="Spine1-Matrix-animation-transform"><input semantic="INPUT" source="#Spine1-Matrix-animation-input"/><input semantic="OUTPUT" source="#Spine1-Matrix-animation-output-transform"/><input semantic="INTERPOLATION" source="#Spine1-Interpolations"/></sampler><channel source="#Spine1-Matrix-animation-transform" target="Spine1/matrix"/></animation>
    <animation id="Spine2-anim" name="Spine2"><source id="Spine2-Matrix-animation-input"><float_array id="Spine2-Matrix-animation-input-array" count="40">

0.000000 0.033333 0.066667 0.100000 0.133333 0.166667 0.200000 0.233333 0.266667 0.300000 0.333333 0.366667 0.400000 0.433333 0.466667 0.500000
0.533333 0.566667 0.600000 0.633333 0.666667 0.700000 0.733333 0.766667 0.800000 0.833333 0.866667 0.900000 0.933333 0.966667 1.000000 1.033333
1.066667 1.100000 1.133333 1.166667 1.200000 1.233333 1.266667 1.300000</float_array><technique_common><accessor source="#Spine2-Matrix-animation-input-array" count="40"><param name="TIME" type="float"/></accessor></technique_common></source><source id="Spine2-Matrix-animation-output-transform"><float_array id="Spine2-Matrix-animation-output-transform-array" count="640">

0.994665 -0.039113 -0.095459 0.014200 0.002030 0.932580 -0.360958 9.416800 0.103141 0.358839 0.927683 -1.313000 0.000000 0.000000 0.000000 1.000000
0.995877 -0.037399 -0.082642 0.014200 0.007219 0.940837 -0.338782 9.416800 0.090423 0.336788 0.937228 -1.313000 0.000000 0.000000 0.000000 1.000000
0.996948 -0.037731 -0.068339 0.014200 0.014607 0.950135 -0.311495 9.416800 0.076684 0.309547 0.947787 -1.313000 0.000000 0.000000 0.000000 1.000000
0.998034 -0.038806 -0.049218 0.014200 0.023286 0.958639 -0.283671 9.416800 0.058190 0.281967 0.957658 -1.313000 0.000000 0.000000 0.000000 1.000000
0.998623 -0.041783 -0.031736 0.014200 0.032261 0.965969 -0.256638 9.416800 0.041379 0.255261 0.965986 -1.313000 0.000000 0.000000 0.000000 1.000000
0.998944 -0.042867 -0.016550 0.014200 0.037976 0.972947 -0.227885 9.416800 0.025871 0.227015 0.973547 -1.313000 0.000000 0.000000 0.000000 1.000000
0.999020 -0.044247 -0.000785 0.014200 0.043241 0.979772 -0.195388 9.416800 0.009414 0.195162 0.980726 -1.313000 0.000000 0.000000 0.000000 1.000000
0.998976 -0.043630 0.012001 0.014200 0.045001 0.985698 -0.162403 9.416800 -0.004744 0.162776 0.986652 -1.313000 0.000000 0.000000 0.000000 1.000000
0.998985 -0.040596 0.019519 0.014200 0.042750 0.991000 -0.126856 9.416800 -0.014194 0.127562 0.991729 -1.313000 0.000000 0.000000 0.000000 1.000000
0.998950 -0.039520 0.023189 0.014200 0.041519 0.994779 -0.093230 9.416800 -0.019383 0.094095 0.995374 -1.313000 0.000000 0.000000 0.000000 1.000000
0.999013 -0.038973 0.021328 0.014200 0.040225 0.997275 -0.061844 9.416800 -0.018860 0.062641 0.997858 -1.313000 0.000000 0.000000 0.000000 1.000000
0.999217 -0.037075 0.013809 0.014200 0.037521 0.998730 -0.033610 9.416800 -0.012545 0.034102 0.999340 -1.313000 0.000000 0.000000 0.000000 1.000000
0.999416 -0.034101 0.002216 0.014200 0.034117 0.999387 -0.007859 9.416800 -0.001947 0.007930 0.999967 -1.313000 0.000000 0.000000 0.000000 1.000000
0.999412 -0.031323 -0.013953 0.014200 0.031503 0.999420 0.012911 9.416800 0.013540 -0.013343 0.999819 -1.313000 0.000000 0.000000 0.000000 1.000000
0.999172 -0.027473 -0.030022 0.014200 0.028389 0.999131 0.030519 9.416800 0.029157 -0.031346 0.999083 -1.313000 0.000000 0.000000 0.000000 1.000000
0.998896 -0.023583 -0.040623 0.014200 0.025425 0.998644 0.045432 9.416800 0.039497 -0.046415 0.998141 -1.313000 0.000000 0.000000 0.000000 1.000000
0.998664 -0.021660 -0.046912 0.014200 0.024344 0.998053 0.057426 9.416800 0.045577 -0.058492 0.997247 -1.313000 0.000000 0.000000 0.000000 1.000000
0.998529 -0.018317 -0.051024 0.014200 0.021765 0.997457 0.067860 9.416800 0.049652 -0.068871 0.996389 -1.313000 0.000000 0.000000 0.000000 1.000000
0.998489 -0.014371 -0.053049 0.014200 0.018207 0.997199 0.072550 9.416800 0.051858 -0.073406 0.995953 -1.313000 0.000000 0.000000 0.000000 1.000000
0.998520 -0.009183 -0.053610 0.014200 0.013178 0.997122 0.074663 9.416800 0.052770 -0.075259 0.995767 -1.313000 0.000000 0.000000 0.000000 1.000000
0.998794 -0.004755 -0.048861 0.014200 0.008416 0.997148 0.075007 9.416800 0.048365 -0.075327 0.995985 -1.313000 0.000000 0.000000 0.000000 1.000000
0.999201 -0.001186 -0.039942 0.014200 0.004204 0.997133 0.075547 9.416800 0.039738 -0.075655 0.996342 -1.313000 0.000000 0.000000 0.000000 1.000000
0.999528 0.002561 -0.030608 0.014200 -0.000245 0.997151 0.075431 9.416800 0.030714 -0.075388 0.996681 -1.313000 0.000000 0.000000 0.000000 1.000000
0.999680 0.006652 -0.024409 0.014200 -0.004793 0.997139 0.075444 9.416800 0.024841 -0.075303 0.996851 -1.313000 0.000000 0.000000 0.000000 1.000000
0.999725 0.010785 -0.020847 0.014200 -0.009181 0.997099 0.075557 9.416800 0.021601 -0.075345 0.996924 -1.313000 0.000000 0.000000 0.000000 1.000000
0.999734 0.013699 -0.018558 0.014200 -0.012272 0.997113 0.074928 9.416800 0.019531 -0.074680 0.997016 -1.313000 0.000000 0.000000 0.000000 1.000000
0.999732 0.016063 -0.016699 0.014200 -0.014801 0.997213 0.073125 9.416800 0.017827 -0.072858 0.997183 -1.313000 0.000000 0.000000 0.000000 1.000000
0.999721 0.017771 -0.015528 0.014200 -0.016608 0.997262 0.072059 9.416800 0.016766 -0.071781 0.997279 -1.313000 0.000000 0.000000 0.000000 1.000000
0.999718 0.018621 -0.014720 0.014200 -0.017504 0.997202 0.072678 9.416800 0.016032 -0.072400 0.997247 -1.313000 0.000000 0.000000 0.000000 1.000000
0.999727 0.019164 -0.013354 0.014200 -0.018125 0.997094 0.073995 9.416800 0.014734 -0.073733 0.997169 -1.313000 0.000000 0.000000 0.000000 1.000000
0.999741 0.019534 -0.011670 0.014200 -0.018591 0.996933 0.076014 9.416800 0.013119 -0.075778 0.997038 -1.313000 0.000000 0.000000 0.000000 1.000000
0.999764 0.019331 -0.009892 0.014200 -0.018490 0.996704 0.078994 9.416800 0.011386 -0.078793 0.996826 -1.313000 0.000000 0.000000 0.000000 1.000000
0.999800 0.018264 -0.008121 0.014200 -0.017528 0.996399 0.082954 9.416800 0.009607 -0.082795 0.996520 -1.313000 0.000000 0.000000 0.000000 1.000000
0.999837 0.016864 -0.006398 0.014200 -0.016238 0.996006 0.087801 9.416800 0.007853 -0.087683 0.996117 -1.313000 0.000000 0.000000 0.000000 1.000000
0.999862 0.015865 -0.004898 0.014200 -0.015342 0.995566 0.092806 9.416800 0.006349 -0.092718 0.995672 -1.313000 0.000000 0.000000 0.000000 1.000000
0.999878 0.015180 -0.003778 0.014200 -0.014739 0.995109 0.097672 9.416800 0.005242 -0.097605 0.995211 -1.313000 0.000000 0.000000 0.000000 1.000000
0.999889 0.014579 -0.002963 0.014200 -0.014202 0.994701 0.101825 9.416800 0.004432 -0.101772 0.994798 -1.313000 0.000000 0.000000 0.000000 1.000000
0.999897 0.014172 -0.002350 0.014200 -0.013848 0.994415 0.104623 9.416800 0.003820 -0.104580 0.994509 -1.313000 0.000000 0.000000 0.000000 1.000000
0.999913 0.013077 -0.001973 0.014200 -0.012801 0.994487 0.104079 9.416800 0.003323 -0.104044 0.994567 -1.313000 0.000000 0.000000 0.000000 1.000000
0.999939 0.010910 -0.001745 0.014200 -0.010687 0.995150 0.097783 9.416800 0.002803 -0.097758 0.995206 -1.313000 0.000000 0.000000 0.000000 1.000000</float_array><technique_common><accessor source="#Spine2-Matrix-animation-output-transform-array" count="40" stride="16"><param type="float4x4"/></accessor></technique_common></source><source id="Spine2-Interpolations"><Name_array id="Spine2-Interpolations-array" count="40">
 LINEAR LINEAR LINEAR LINEAR LINEAR LINEAR LINEAR LINEAR LINEAR LINEAR LINEAR
LINEAR LINEAR LINEAR LINEAR LINEAR LINEAR LINEAR LINEAR LINEAR LINEAR LINEAR LINEAR
LINEAR LINEAR LINEAR LINEAR LINEAR LINEAR LINEAR LINEAR LINEAR LINEAR LINEAR LINEAR
LINEAR LINEAR LINEAR LINEAR LINEAR</Name_array><technique_common><accessor source="#Spine2-Interpolations-array" count="40"><param type="name"/></accessor></technique_common></source><sampler id="Spine2-Matrix-animation-transform"><input semantic="INPUT" source="#Spine2-Matrix-animation-input"/><input semantic="OUTPUT" source="#Spine2-Matrix-animation-output-transform"/><input semantic="INTERPOLATION" source="#Spine2-Interpolations"/></sampler><channel source="#Spine2-Matrix-animation-transform" target="Spine2/matrix"/></animation>
    <animation id="Neck-anim" name="Neck"><source id="Neck-Matrix-animation-input"><float_array id="Neck-Matrix-animation-input-array" count="40">

0.000000 0.033333 0.066667 0.100000 0.133333 0.166667 0.200000 0.233333 0.266667 0.300000 0.333333 0.366667 0.400000 0.433333 0.466667 0.500000
0.533333 0.566667 0.600000 0.633333 0.666667 0.700000 0.733333 0.766667 0.800000 0.833333 0.866667 0.900000 0.933333 0.966667 1.000000 1.033333
1.066667 1.100000 1.133333 1.166667 1.200000 1.233333 1.266667 1.300000</float_array><technique_common><accessor source="#Neck-Matrix-animation-input-array" count="40"><param name="TIME" type="float"/></accessor></technique_common></source><source id="Neck-Matrix-animation-output-transform"><float_array id="Neck-Matrix-animation-output-transform-array" count="640">

0.995233 -0.031132 0.092425 0.016000 -0.022121 0.850922 0.524826 10.593800 -0.094986 -0.524369 0.846177 -1.477100 0.000000 0.000000 0.000000 1.000000
0.995116 -0.017890 0.097079 0.016000 -0.035136 0.854841 0.517698 10.593800 -0.092248 -0.518581 0.850038 -1.477100 0.000000 0.000000 0.000000 1.000000
0.994818 -0.003503 0.101608 0.016000 -0.048710 0.860815 0.506582 10.593800 -0.089240 -0.508907 0.856184 -1.477100 0.000000 0.000000 0.000000 1.000000
0.994378 0.013557 0.105019 0.016000 -0.063884 0.867753 0.492872 10.593800 -0.084449 -0.496810 0.863741 -1.477100 0.000000 0.000000 0.000000 1.000000
0.993862 0.027685 0.107107 0.016000 -0.075827 0.875451 0.477321 10.593800 -0.080552 -0.482513 0.872177 -1.477100 0.000000 0.000000 0.000000 1.000000
0.993479 0.039046 0.107118 0.016000 -0.084479 0.883042 0.461627 10.593800 -0.076565 -0.467666 0.880583 -1.477100 0.000000 0.000000 0.000000 1.000000
0.993282 0.048119 0.105241 0.016000 -0.090544 0.889503 0.447868 10.593800 -0.072061 -0.454388 0.887884 -1.477100 0.000000 0.000000 0.000000 1.000000
0.993493 0.053604 0.100489 0.016000 -0.092656 0.893478 0.439444 10.593800 -0.066229 -0.445896 0.892631 -1.477100 0.000000 0.000000 0.000000 1.000000
0.994063 0.054852 0.093964 0.016000 -0.090685 0.894886 0.436983 10.593800 -0.060118 -0.442910 0.894548 -1.477100 0.000000 0.000000 0.000000 1.000000
0.994857 0.054018 0.085686 0.016000 -0.086340 0.894579 0.438490 10.593800 -0.052966 -0.443633 0.894642 -1.477100 0.000000 0.000000 0.000000 1.000000
0.995685 0.051754 0.077019 0.016000 -0.080637 0.893278 0.442213 10.593800 -0.045913 -0.446516 0.893597 -1.477100 0.000000 0.000000 0.000000 1.000000
0.996336 0.049254 0.069912 0.016000 -0.075381 0.891887 0.445932 10.593800 -0.040390 -0.449568 0.892332 -1.477100 0.000000 0.000000 0.000000 1.000000
0.996767 0.047539 0.064768 0.016000 -0.071609 0.891200 0.447923 10.593800 -0.036428 -0.451113 0.891723 -1.477100 0.000000 0.000000 0.000000 1.000000
0.997029 0.047838 0.060375 0.016000 -0.069826 0.892235 0.446140 10.593800 -0.032526 -0.449030 0.892924 -1.477100 0.000000 0.000000 0.000000 1.000000
0.997123 0.049500 0.057398 0.016000 -0.069761 0.895452 0.439658 10.593800 -0.029634 -0.442398 0.896329 -1.477100 0.000000 0.000000 0.000000 1.000000
0.997105 0.051258 0.056155 0.016000 -0.070476 0.900229 0.429675 10.593800 -0.028528 -0.432389 0.901236 -1.477100 0.000000 0.000000 0.000000 1.000000
0.997084 0.052363 0.055521 0.016000 -0.070910 0.904606 0.420309 10.593800 -0.028216 -0.423020 0.905681 -1.477100 0.000000 0.000000 0.000000 1.000000
0.997093 0.052736 0.055001 0.016000 -0.070791 0.908161 0.412592 10.593800 -0.028191 -0.415286 0.909254 -1.477100 0.000000 0.000000 0.000000 1.000000
0.997141 0.052438 0.054415 0.016000 -0.070089 0.910957 0.406503 10.593800 -0.028254 -0.409154 0.912028 -1.477100 0.000000 0.000000 0.000000 1.000000
0.997231 0.051625 0.053537 0.016000 -0.068861 0.912865 0.402412 10.593800 -0.028098 -0.404984 0.913892 -1.477100 0.000000 0.000000 0.000000 1.000000
0.997386 0.049993 0.052170 0.016000 -0.066763 0.913739 0.400779 10.593800 -0.027633 -0.403215 0.914688 -1.477100 0.000000 0.000000 0.000000 1.000000
0.997569 0.048040 0.050483 0.016000 -0.064322 0.913495 0.401733 10.593800 -0.026817 -0.404004 0.914364 -1.477100 0.000000 0.000000 0.000000 1.000000
0.997743 0.046599 0.048350 0.016000 -0.062260 0.911707 0.406097 10.593800 -0.025157 -0.408191 0.912550 -1.477100 0.000000 0.000000 0.000000 1.000000
0.997899 0.045853 0.045772 0.016000 -0.060715 0.908409 0.413652 10.593800 -0.022613 -0.415562 0.909284 -1.477100 0.000000 0.000000 0.000000 1.000000
0.998040 0.045534 0.042917 0.016000 -0.059478 0.903363 0.424731 10.593800 -0.019430 -0.426452 0.904302 -1.477100 0.000000 0.000000 0.000000 1.000000
0.998166 0.045389 0.040050 0.016000 -0.058340 0.897813 0.436496 10.593800 -0.016145 -0.438032 0.898814 -1.477100 0.000000 0.000000 0.000000 1.000000
0.998280 0.045367 0.037140 0.016000 -0.057208 0.892403 0.447598 10.593800 -0.012838 -0.448952 0.893463 -1.477100 0.000000 0.000000 0.000000 1.000000
0.998378 0.045300 0.034480 0.016000 -0.056064 0.887577 0.457235 10.593800 -0.009891 -0.458427 0.888677 -1.477100 0.000000 0.000000 0.000000 1.000000
0.998462 0.045154 0.032165 0.016000 -0.054937 0.883747 0.464729 10.593800 -0.007441 -0.465781 0.884869 -1.477100 0.000000 0.000000 0.000000 1.000000
0.998536 0.045188 0.029740 0.016000 -0.053864 0.881430 0.469233 10.593800 -0.005010 -0.470148 0.882573 -1.477100 0.000000 0.000000 0.000000 1.000000
0.998601 0.045389 0.027126 0.016000 -0.052818 0.880421 0.471243 10.593800 -0.002493 -0.472016 0.881586 -1.477100 0.000000 0.000000 0.000000 1.000000
0.998658 0.045629 0.024505 0.016000 -0.051793 0.880567 0.471084 10.593800 -0.000084 -0.471721 0.881748 -1.477100 0.000000 0.000000 0.000000 1.000000
0.998707 0.045769 0.022126 0.016000 -0.050797 0.881418 0.469597 10.593800 0.001991 -0.470114 0.882603 -1.477100 0.000000 0.000000 0.000000 1.000000
0.998750 0.045820 0.019974 0.016000 -0.049842 0.882765 0.467164 10.593800 0.003773 -0.467575 0.883945 -1.477100 0.000000 0.000000 0.000000 1.000000
0.998789 0.045820 0.017910 0.016000 -0.048894 0.884251 0.464446 10.593800 0.005444 -0.464760 0.885420 -1.477100 0.000000 0.000000 0.000000 1.000000
0.998824 0.045659 0.016291 0.016000 -0.048017 0.885602 0.461956 10.593800 0.006665 -0.462195 0.886753 -1.477100 0.000000 0.000000 0.000000 1.000000
0.998857 0.045297 0.015278 0.016000 -0.047242 0.886499 0.460312 10.593800 0.007307 -0.460508 0.887626 -1.477100 0.000000 0.000000 0.000000 1.000000
0.998888 0.044789 0.014731 0.016000 -0.046542 0.886689 0.460019 10.593800 0.007542 -0.460193 0.887787 -1.477100 0.000000 0.000000 0.000000 1.000000
0.998918 0.044090 0.014821 0.016000 -0.045949 0.885772 0.461840 10.593800 0.007234 -0.462021 0.886840 -1.477100 0.000000 0.000000 0.000000 1.000000
0.998945 0.043246 0.015438 0.016000 -0.045455 0.883602 0.466028 10.593800 0.006512 -0.466238 0.884635 -1.477100 0.000000 0.000000 0.000000 1.000000</float_array><technique_common><accessor source="#Neck-Matrix-animation-output-transform-array" count="40" stride="16"><param type="float4x4"/></accessor></technique_common></source><source id="Neck-Interpolations"><Name_array id="Neck-Interpolations-array" count="40">
 LINEAR LINEAR LINEAR LINEAR LINEAR LINEAR LINEAR LINEAR LINEAR LINEAR LINEAR
LINEAR LINEAR LINEAR LINEAR LINEAR LINEAR LINEAR LINEAR LINEAR LINEAR LINEAR LINEAR
LINEAR LINEAR LINEAR LINEAR LINEAR LINEAR LINEAR LINEAR LINEAR LINEAR LINEAR LINEAR
LINEAR LINEAR LINEAR LINEAR LINEAR</Name_array><technique_common><accessor source="#Neck-Interpolations-array" count="40"><param type="name"/></accessor></technique_common></source><sampler id="Neck-Matrix-animation-transform"><input semantic="INPUT" source="#Neck-Matrix-animation-input"/><input semantic="OUTPUT" source="#Neck-Matrix-animation-output-transform"/><input semantic="INTERPOLATION" source="#Neck-Interpolations"/></sampler><channel source="#Neck-Matrix-animation-transform" target="Neck/matrix"/></animation>
    <animation id="Head-anim" name="Head"><source id="Head-Matrix-animation-input"><float_array id="Head-Matrix-animation-input-array" count="40">

0.000000 0.033333 0.066667 0.100000 0.133333 0.166667 0.200000 0.233333 0.266667 0.300000 0.333333 0.366667 0.400000 0.433333 0.466667 0.500000
0.533333 0.566667 0.600000 0.633333 0.666667 0.700000 0.733333 0.766667 0.800000 0.833333 0.866667 0.900000 0.933333 0.966667 1.000000 1.033333
