<?xml version="1.0" encoding="utf-8"?>
<COLLADA xmlns="http://www.collada.org/2005/11/COLLADASchema" version="1.4.1">
  <asset><contributor><author>Mixamo</author><authoring_tool>COLLADA Mixamo exporter</authoring_tool><comments></comments></contributor><created>2020-07-27T19:17:55Z</created><modified>2020-07-27T19:17:55Z</modified><revision></revision><title></title><unit meter="0.010000"/><up_axis>Y_UP</up_axis></asset>
  <library_animations>
    <animation id="Hips-anim" name="Hips"><source id="Hips-Matrix-animation-input"><float_array id="Hips-Matrix-animation-input-array" count="27">

0.000000 0.033333 0.066667 0.100000 0.133333 0.166667 0.200000 0.233333 0.266667 0.300000 0.333333 0.366667 0.400000 0.433333 0.466667 0.500000
0.533333 0.566667 0.600000 0.633333 0.666667 0.700000 0.733333 0.766667 0.800000 0.833333 0.866667</float_array><technique_common><accessor source="#Hips-Matrix-animation-input-array" count="27"><param name="TIME" type="float"/></accessor></technique_common></source><source id="Hips-Matrix-animation-output-transform"><float_array id="Hips-Matrix-animation-output-transform-array" count="432">

0.961376 0.035546 -0.272933 -0.304642 -0.128981 0.934185 -0.332658 71.537056 0.243145 0.355013 0.902688 0.956317 0.000000 0.000000 0.000000 1.000000
0.950380 0.004121 -0.311063 -0.470513 -0.095941 0.955055 -0.280473 74.612106 0.295927 0.296400 0.908061 11.788238 0.000000 0.000000 0.000000 1.000000
0.958409 -0.069717 -0.276752 -0.641942 -0.005095 0.965371 -0.260832 79.502342 0.285353 0.251393 0.924865 23.179594 0.000000 0.000000 0.000000 1.000000
0.968545 -0.176222 -0.175690 -1.000438 0.124981 0.955021 -0.268915 84.896179 0.215176 0.238499 0.947005 33.849037 0.000000 0.000000 0.000000 1.000000
0.969259 -0.238162 -0.061768 -1.437146 0.212436 0.936723 -0.278247 90.784523 0.124127 0.256572 0.958521 43.767399 0.000000 0.000000 0.000000 1.000000
0.972384 -0.233059 0.012377 -1.682266 0.227591 0.935155 -0.271453 96.253990 0.051690 0.266773 0.962372 52.722778 0.000000 0.000000 0.000000 1.000000
0.979125 -0.200103 0.035675 -1.531575 0.202788 0.949760 -0.238398 100.862312 0.013821 0.240656 0.970512 61.183189 0.000000 0.000000 0.000000 1.000000
0.982084 -0.186939 0.023780 -0.953285 0.187991 0.963118 -0.192519 103.763626 0.013087 0.193540 0.981005 69.237633 0.000000 0.000000 0.000000 1.000000
0.983812 -0.178915 0.010192 -0.255064 0.178013 0.969129 -0.170587 106.279724 0.020643 0.169640 0.985290 77.726189 0.000000 0.000000 0.000000 1.000000
0.986507 -0.163687 0.003097 0.214753 0.161083 0.967082 -0.196992 107.932884 0.029250 0.194833 0.980400 86.557495 0.000000 0.000000 0.000000 1.000000
0.991582 -0.128896 0.012249 0.244770 0.127679 0.957713 -0.257843 108.773697 0.021504 0.257237 0.966109 96.055687 0.000000 0.000000 0.000000 1.000000
0.996429 -0.074689 0.039388 -0.092056 0.083384 0.943846 -0.319689 108.574448 -0.013299 0.321832 0.946704 106.171524 0.000000 0.000000 0.000000 1.000000
0.997479 -0.000309 0.070960 -0.581982 0.025529 0.934597 -0.354791 107.413376 -0.066209 0.355708 0.932249 116.789101 0.000000 0.000000 0.000000 1.000000
0.992262 0.093957 0.081170 -1.054015 -0.059167 0.932548 -0.356164 105.219849 -0.109159 0.348605 0.930891 127.686394 0.000000 0.000000 0.000000 1.000000
0.977717 0.204869 0.045807 -1.281155 -0.178358 0.925749 -0.333432 102.024002 -0.110716 0.317832 0.941661 138.902679 0.000000 0.000000 0.000000 1.000000
0.949686 0.312181 -0.025266 -1.079561 -0.305295 0.904681 -0.297234 97.698471 -0.069933 0.289993 0.954470 150.563171 0.000000 0.000000 0.000000 1.000000
0.926270 0.368509 -0.078895 -0.599136 -0.375866 0.888170 -0.264344 92.313896 -0.027341 0.274508 0.961196 162.420853 0.000000 0.000000 0.000000 1.000000
0.937372 0.339008 -0.080049 -0.224256 -0.348193 0.905463 -0.242689 86.268570 -0.009792 0.255363 0.966796 174.252625 0.000000 0.000000 0.000000 1.000000
0.968108 0.247382 -0.039620 -0.200724 -0.250175 0.946093 -0.205720 80.092178 -0.013407 0.209071 0.977808 185.904999 0.000000 0.000000 0.000000 1.000000
0.987766 0.155100 0.016194 -0.357389 -0.151102 0.977598 -0.146530 75.337761 -0.038558 0.142291 0.989074 197.570267 0.000000 0.000000 0.000000 1.000000
0.992871 0.105518 0.055430 -0.409978 -0.099344 0.989570 -0.104313 72.788071 -0.065859 0.098063 0.992999 209.896683 0.000000 0.000000 0.000000 1.000000
0.993319 0.101417 0.055066 -0.350651 -0.094603 0.988881 -0.114741 71.733650 -0.066091 0.108765 0.991868 222.910034 0.000000 0.000000 0.000000 1.000000
0.994061 0.108730 0.004602 -0.352584 -0.106398 0.979885 -0.168836 71.197586 -0.022867 0.167344 0.985633 236.187180 0.000000 0.000000 0.000000 1.000000
0.990333 0.107090 -0.088165 -0.409413 -0.124782 0.965388 -0.229032 70.472435 0.060586 0.237819 0.969418 248.706116 0.000000 0.000000 0.000000 1.000000
0.977273 0.092814 -0.190585 -0.434453 -0.143129 0.952087 -0.270267 70.122902 0.156369 0.291403 0.943734 260.271637 0.000000 0.000000 0.000000 1.000000
0.962739 0.070119 -0.261184 -0.388392 -0.149728 0.942471 -0.298882 70.522835 0.225201 0.326852 0.917852 271.724426 0.000000 0.000000 0.000000 1.000000
0.961376 0.035546 -0.272933 -0.304642 -0.128981 0.934186 -0.332658 71.537033 0.243145 0.355013 0.902688 284.046021 0.000000 0.000000 0.000000 1.000000</float_array><technique_common><accessor source="#Hips-Matrix-animation-output-transform-array" count="27" stride="16"><param type="float4x4"/></accessor></technique_common></source><source id="Hips-Interpolations"><Name_array id="Hips-Interpolations-array" count="27">
 LINEAR LINEAR LINEAR LINEAR LINEAR LINEAR LINEAR LINEAR LINEAR LINEAR LINEAR
LINEAR LINEAR LINEAR LINEAR LINEAR LINEAR LINEAR LINEAR LINEAR LINEAR LINEAR LINEAR
LINEAR LINEAR LINEAR LINEAR</Name_array><technique_common><accessor source="#Hips-Interpolations-array" count="27"><param type="name"/></accessor></technique_common></source><sampler id="Hips-Matrix-animation-transform"><input semantic="INPUT" source="#Hips-Matrix-animation-input"/><input semantic="OUTPUT" source="#Hips-Matrix-animation-output-transform"/><input semantic="INTERPOLATION" source="#Hips-Interpolations"/></sampler><channel source="#Hips-Matrix-animation-transform" target="Hips/matrix"/></animation>
    <animation id="Spine-anim" name="Spine"><source id="Spine-Matrix-animation-input"><float_array id="Spine-Matrix-animation-input-array" count="27">

0.000000 0.033333 0.066667 0.100000 0.133333 0.166667 0.200000 0.233333 0.266667 0.300000 0.333333 0.366667 0.400000 0.433333 0.466667 0.500000
0.533333 0.566667 0.600000 0.633333 0.666667 0.700000 0.733333 0.766667 0.800000 0.833333 0.866667</float_array><technique_common><accessor source="#Spine-Matrix-animation-input-array" count="27"><param name="TIME" type="float"/></accessor></technique_common></source><source id="Spine-Matrix-animation-output-transform"><float_array id="Spine-Matrix-animation-output-transform-array" count="432">

0.998758 -0.005946 0.049464 0.009000 0.011433 0.993709 -0.111405 7.062600 -0.048491 0.111832 0.992543 -0.984700 0.000000 0.000000 0.000000 1.000000
0.989036 0.016004 0.146802 0.009000 0.004017 0.990827 -0.135079 7.062600 -0.147617 0.134188 0.979899 -0.984700 0.000000 0.000000 0.000000 1.000000
0.970401 0.104759 0.217594 0.009000 -0.074862 0.987121 -0.141382 7.062600 -0.229603 0.120907 0.965745 -0.984700 0.000000 0.000000 0.000000 1.000000
0.935402 0.246014 0.253967 0.009000 -0.214033 0.965683 -0.147125 7.062600 -0.281447 0.083264 0.955958 -0.984700 0.000000 0.000000 0.000000 1.000000
0.904392 0.340510 0.257154 0.009000 -0.312571 0.938919 -0.143979 7.062600 -0.290473 0.049834 0.955584 -0.984700 0.000000 0.000000 0.000000 1.000000
0.909128 0.346974 0.230426 0.009000 -0.323209 0.936624 -0.135169 7.062600 -0.262723 0.048410 0.963656 -0.984700 0.000000 0.000000 0.000000 1.000000
0.935519 0.302075 0.183179 0.009000 -0.277583 0.949270 -0.147761 7.062600 -0.218521 0.087386 0.971912 -0.984700 0.000000 0.000000 0.000000 1.000000
0.954316 0.264817 0.138396 0.009000 -0.235910 0.952021 -0.194941 7.062600 -0.183379 0.153386 0.971002 -0.984700 0.000000 0.000000 0.000000 1.000000
0.966371 0.234423 0.105704 0.009000 -0.201785 0.946084 -0.253394 7.062600 -0.159407 0.223543 0.961571 -0.984700 0.000000 0.000000 0.000000 1.000000
0.974104 0.207464 0.089895 0.009000 -0.172755 0.939419 -0.296053 7.062600 -0.145870 0.272856 0.950932 -0.984700 0.000000 0.000000 0.000000 1.000000
0.981777 0.171630 0.081589 0.009000 -0.138664 0.940570 -0.310002 7.062600 -0.129946 0.293039 0.947229 -0.984700 0.000000 0.000000 0.000000 1.000000
0.989245 0.123748 0.077979 0.009000 -0.094802 0.948437 -0.302457 7.062600 -0.111387 0.291812 0.949968 -0.984700 0.000000 0.000000 0.000000 1.000000
0.994144 0.060652 0.089438 0.009000 -0.032288 0.956547 -0.289786 7.062600 -0.103128 0.285202 0.952903 -0.984700 0.000000 0.000000 0.000000 1.000000
0.991789 -0.020479 0.126236 0.009000 0.055282 0.958760 -0.278789 7.062600 -0.115321 0.283478 0.952020 -0.984700 0.000000 0.000000 0.000000 1.000000
0.975433 -0.121580 0.183710 0.009000 0.166916 0.952117 -0.256149 7.062600 -0.143771 0.280521 0.949020 -0.984700 0.000000 0.000000 0.000000 1.000000
0.947121 -0.228767 0.225007 0.009000 0.276624 0.937470 -0.211255 7.062600 -0.162610 0.262326 0.951180 -0.984700 0.000000 0.000000 0.000000 1.000000
0.935199 -0.295764 0.194745 0.009000 0.329620 0.928044 -0.173448 7.062600 -0.129433 0.226400 0.965396 -0.984700 0.000000 0.000000 0.000000 1.000000
0.957412 -0.276520 0.083062 0.009000 0.287140 0.942010 -0.173686 7.062600 -0.030218 0.190139 0.981292 -0.984700 0.000000 0.000000 0.000000 1.000000
0.981128 -0.185220 -0.055502 0.009000 0.171945 0.967057 -0.187712 7.062600 0.088441 0.174626 0.980655 -0.984700 0.000000 0.000000 0.000000 1.000000
0.983724 -0.091000 -0.154939 0.009000 0.060639 0.979818 -0.190472 7.062600 0.169145 0.177976 0.969389 -0.984700 0.000000 0.000000 0.000000 1.000000
0.979936 -0.049473 -0.193076 0.009000 0.014392 0.983739 -0.179028 7.062600 0.198794 0.172657 0.964713 -0.984700 0.000000 0.000000 0.000000 1.000000
0.978716 -0.064090 -0.194954 0.009000 0.035853 0.988773 -0.145063 7.062600 0.202062 0.134986 0.970026 -0.984700 0.000000 0.000000 0.000000 1.000000
0.978187 -0.091886 -0.186299 0.009000 0.074432 0.992337 -0.098624 7.062600 0.193934 0.082607 0.977530 -0.984700 0.000000 0.000000 0.000000 1.000000
0.980973 -0.103542 -0.164230 0.009000 0.092515 0.992999 -0.073447 7.062600 0.170685 0.056856 0.983684 -0.984700 0.000000 0.000000 0.000000 1.000000
0.989162 -0.091559 -0.114782 0.009000 0.082429 0.993224 -0.081921 7.062600 0.121505 0.071571 0.990007 -0.984700 0.000000 0.000000 0.000000 1.000000
0.997469 -0.060045 -0.038077 0.009000 0.055837 0.993080 -0.103321 7.062600 0.044017 0.100933 0.993919 -0.984700 0.000000 0.000000 0.000000 1.000000
0.998758 -0.005946 0.049465 0.009000 0.011434 0.993709 -0.111405 7.062600 -0.048491 0.111832 0.992543 -0.984700 0.000000 0.000000 0.000000 1.000000</float_array><technique_common><accessor source="#Spine-Matrix-animation-output-transform-array" count="27" stride="16"><param type="float4x4"/></accessor></technique_common></source><source id="Spine-Interpolations"><Name_array id="Spine-Interpolations-array" count="27">
 LINEAR LINEAR LINEAR LINEAR LINEAR LINEAR LINEAR LINEAR LINEAR LINEAR LINEAR
LINEAR LINEAR LINEAR LINEAR LINEAR LINEAR LINEAR LINEAR LINEAR LINEAR LINEAR LINEAR
LINEAR LINEAR LINEAR LINEAR</Name_array><technique_common><accessor source="#Spine-Interpolations-array" count="27"><param type="name"/></accessor></technique_common></source><sampler id="Spine-Matrix-animation-transform"><input semantic="INPUT" source="#Spine-Matrix-animation-input"/><input semantic="OUTPUT" source="#Spine-Matrix-animation-output-transform"/><input semantic="INTERPOLATION" source="#Spine-Interpolations"/></sampler><channel source="#Spine-Matrix-animation-transform" target="Spine/matrix"/></animation>
    <animation id="Spine1-anim" name="Spine1"><source id="Spine1-Matrix-animation-input"><float_array id="Spine1-Matrix-animation-input-array" count="27">

0.000000 0.033333 0.066667 0.100000 0.133333 0.166667 0.200000 0.233333 0.266667 0.300000 0.333333 0.366667 0.400000 0.433333 0.466667 0.500000
0.533333 0.566667 0.600000 0.633333 0.666667 0.700000 0.733333 0.766667 0.800000 0.833333 0.866667</float_array><technique_common><accessor source="#Spine1-Matrix-animation-input-array" count="27"><param name="TIME" type="float"/></accessor></technique_common></source><source id="Spine1-Matrix-animation-output-transform"><float_array id="Spine1-Matrix-animation-output-transform-array" count="432">

0.999850 -0.002042 0.017189 0.012400 0.003296 0.997309 -0.073235 8.239700 -0.016993 0.073281 0.997167 -1.148800 0.000000 0.000000 0.000000 1.000000
0.998118 0.010841 0.060361 0.012400 -0.005475 0.996074 -0.088360 8.239700 -0.061082 0.087864 0.994258 -1.148800 0.000000 0.000000 0.000000 1.000000
0.994759 0.037026 0.095311 0.012400 -0.029234 0.996213 -0.081882 8.239700 -0.097982 0.078666 0.992074 -1.148800 0.000000 0.000000 0.000000 1.000000
0.990503 0.074481 0.115568 0.012400 -0.067095 0.995525 -0.066546 8.239700 -0.120008 0.058160 0.991068 -1.148800 0.000000 0.000000 0.000000 1.000000
0.987563 0.107536 0.114698 0.012400 -0.101920 0.993338 -0.053770 8.239700 -0.119716 0.041411 0.991944 -1.148800 0.000000 0.000000 0.000000 1.000000
0.988420 0.119999 0.092877 0.012400 -0.115550 0.991945 -0.051899 8.239700 -0.098357 0.040566 0.994324 -1.148800 0.000000 0.000000 0.000000 1.000000
0.991946 0.111389 0.060302 0.012400 -0.107188 0.991847 -0.068924 8.239700 -0.067488 0.061905 0.995798 -1.148800 0.000000 0.000000 0.000000 1.000000
0.995199 0.092497 0.032002 0.012400 -0.088656 0.990437 -0.105709 8.239700 -0.041474 0.102364 0.993882 -1.148800 0.000000 0.000000 0.000000 1.000000
0.997099 0.074212 0.016932 0.012400 -0.070883 0.986326 -0.148781 8.239700 -0.027741 0.147149 0.988725 -1.148800 0.000000 0.000000 0.000000 1.000000
0.997990 0.062086 0.012669 0.012400 -0.058825 0.982093 -0.178980 8.239700 -0.023554 0.177875 0.983771 -1.148800 0.000000 0.000000 0.000000 1.000000
0.998470 0.054266 0.010670 0.012400 -0.051308 0.980923 -0.187502 8.239700 -0.020642 0.186668 0.982206 -1.148800 0.000000 0.000000 0.000000 1.000000
0.999051 0.043238 0.005188 0.012400 -0.041584 0.982567 -0.181200 8.239700 -0.012933 0.180812 0.983433 -1.148800 0.000000 0.000000 0.000000 1.000000
0.999738 0.022752 -0.002665 0.012400 -0.022871 0.984758 -0.172417 8.239700 -0.001299 0.172433 0.985020 -1.148800 0.000000 0.000000 0.000000 1.000000
0.999945 -0.006506 -0.008175 0.012400 0.005068 0.986286 -0.164970 8.239700 0.009137 0.164919 0.986265 -1.148800 0.000000 0.000000 0.000000 1.000000
0.999218 -0.038355 -0.009569 0.012400 0.036451 0.987644 -0.152414 8.239700 0.015297 0.151946 0.988270 -1.148800 0.000000 0.000000 0.000000 1.000000
0.997804 -0.065312 -0.011035 0.012400 0.063312 0.989365 -0.130956 8.239700 0.019471 0.129970 0.991327 -1.148800 0.000000 0.000000 0.000000 1.000000
0.996640 -0.079626 -0.019181 0.012400 0.077073 0.991017 -0.109296 8.239700 0.027711 0.107451 0.993824 -1.148800 0.000000 0.000000 0.000000 1.000000
0.996492 -0.075208 -0.036714 0.012400 0.071183 0.992358 -0.100788 8.239700 0.044013 0.097821 0.994230 -1.148800 0.000000 0.000000 0.000000 1.000000
0.996750 -0.054455 -0.059363 0.012400 0.047818 0.993000 -0.108004 8.239700 0.064829 0.104814 0.992377 -1.148800 0.000000 0.000000 0.000000 1.000000
0.996427 -0.030168 -0.078887 0.012400 0.020631 0.992676 -0.119031 8.239700 0.081900 0.116978 0.989752 -1.148800 0.000000 0.000000 0.000000 1.000000
0.995865 -0.015118 -0.089576 0.012400 0.004544 0.993111 -0.117087 8.239700 0.090729 0.116195 0.989074 -1.148800 0.000000 0.000000 0.000000 1.000000
0.995756 -0.011400 -0.091326 0.012400 0.002688 0.995477 -0.094962 8.239700 0.091995 0.094313 0.991283 -1.148800 0.000000 0.000000 0.000000 1.000000
0.996205 -0.012129 -0.086188 0.012400 0.006564 0.997892 -0.064561 8.239700 0.086789 0.063750 0.994185 -1.148800 0.000000 0.000000 0.000000 1.000000
0.997227 -0.011562 -0.073523 0.012400 0.008078 0.998838 -0.047504 8.239700 0.073987 0.046778 0.996162 -1.148800 0.000000 0.000000 0.000000 1.000000
0.998662 -0.009656 -0.050804 0.012400 0.007005 0.998618 -0.052095 8.239700 0.051236 0.051670 0.997349 -1.148800 0.000000 0.000000 0.000000 1.000000
0.999796 -0.007193 -0.018893 0.012400 0.005926 0.997784 -0.066265 8.239700 0.019328 0.066140 0.997623 -1.148800 0.000000 0.000000 0.000000 1.000000
0.999850 -0.002042 0.017189 0.012400 0.003296 0.997309 -0.073235 8.239700 -0.016993 0.073281 0.997167 -1.148800 0.000000 0.000000 0.000000 1.000000</float_array><technique_common><accessor source="#Spine1-Matrix-animation-output-transform-array" count="27" stride="16"><param type="float4x4"/></accessor></technique_common></source><source id="Spine1-Interpolations"><Name_array id="Spine1-Interpolations-array" count="27">
 LINEAR LINEAR LINEAR LINEAR LINEAR LINEAR LINEAR LINEAR LINEAR LINEAR LINEAR
LINEAR LINEAR LINEAR LINEAR LINEAR LINEAR LINEAR LINEAR LINEAR LINEAR LINEAR LINEAR
LINEAR LINEAR LINEAR LINEAR</Name_array><technique_common><accessor source="#Spine1-Interpolations-array" count="27"><param type="name"/></accessor></technique_common></source><sampler id="Spine1-Matrix-animation-transform"><input semantic="INPUT" source="#Spine1-Matrix-animation-input"/><input semantic="OUTPUT" source="#Spine1-Matrix-animation-output-transform"/><input semantic="INTERPOLATION" source="#Spine1-Interpolations"/></sampler><channel source="#Spine1-Matrix-animation-transform" target="Spine1/matrix"/></animation>
    <animation id="Spine2-anim" name="Spine2"><source id="Spine2-Matrix-animation-input"><float_array id="Spine2-Matrix-animation-input-array" count="27">

0.000000 0.033333 0.066667 0.100000 0.133333 0.166667 0.200000 0.233333 0.266667 0.300000 0.333333 0.366667 0.400000 0.433333 0.466667 0.500000
0.533333 0.566667 0.600000 0.633333 0.666667 0.700000 0.733333 0.766667 0.800000 0.833333 0.866667</float_array><technique_common><accessor source="#Spine2-Matrix-animation-input-array" count="27"><param name="TIME" type="float"/></accessor></technique_common></source><source id="Spine2-Matrix-animation-output-transform"><float_array id="Spine2-Matrix-animation-output-transform-array" count="432">

0.999894 -0.003272 0.014189 0.014200 0.004308 0.997275 -0.073650 9.416800 -0.013910 0.073703 0.997183 -1.313000 0.000000 0.000000 0.000000 1.000000
0.998265 0.008390 0.058282 0.014200 -0.003257 0.996149 -0.087611 9.416800 -0.058792 0.087269 0.994448 -1.313000 0.000000 0.000000 0.000000 1.000000
0.995029 0.033864 0.093653 0.014200 -0.026305 0.996383 -0.080801 9.416800 -0.096050 0.077936 0.992321 -1.313000 0.000000 0.000000 0.000000 1.000000
0.990935 0.071345 0.113828 0.014200 -0.064070 0.995738 -0.066340 9.416800 -0.118076 0.058445 0.991283 -1.313000 0.000000 0.000000 0.000000 1.000000
0.988057 0.105102 0.112681 0.014200 -0.099424 0.993530 -0.054891 9.416800 -0.117721 0.043033 0.992114 -1.313000 0.000000 0.000000 0.000000 1.000000
0.988784 0.118561 0.090829 0.014200 -0.114043 0.992038 -0.053436 9.416800 -0.096441 0.042479 0.994432 -1.313000 0.000000 0.000000 0.000000 1.000000
0.992086 0.110743 0.059179 0.014200 -0.106556 0.991857 -0.069754 9.416800 -0.066422 0.062896 0.995807 -1.313000 0.000000 0.000000 0.000000 1.000000
0.995180 0.092284 0.033177 0.014200 -0.088325 0.990472 -0.105662 9.416800 -0.042612 0.102222 0.993849 -1.313000 0.000000 0.000000 0.000000 1.000000
0.997025 0.074223 0.020795 0.014200 -0.070340 0.986426 -0.148377 9.416800 -0.031526 0.146473 0.988712 -1.313000 0.000000 0.000000 0.000000 1.000000
0.997907 0.062181 0.017754 0.014200 -0.058024 0.982198 -0.178662 9.416800 -0.028547 0.177258 0.983750 -1.313000 0.000000 0.000000 0.000000 1.000000
0.998414 0.054312 0.014815 0.014200 -0.050583 0.980981 -0.187395 9.416800 -0.024711 0.186349 0.982173 -1.313000 0.000000 0.000000 0.000000 1.000000
0.999038 0.043230 0.007320 0.014200 -0.041190 0.982578 -0.181230 9.416800 -0.015027 0.180754 0.983414 -1.313000 0.000000 0.000000 0.000000 1.000000
0.999737 0.022795 -0.002308 0.014200 -0.022852 0.984754 -0.172443 9.416800 -0.001658 0.172451 0.985017 -1.313000 0.000000 0.000000 0.000000 1.000000
0.999940 -0.006369 -0.008929 0.014200 0.004809 0.986298 -0.164905 9.416800 0.009857 0.164852 0.986269 -1.313000 0.000000 0.000000 0.000000 1.000000
0.999214 -0.038169 -0.010728 0.014200 0.036093 0.987671 -0.152325 9.416800 0.016410 0.151818 0.988272 -1.313000 0.000000 0.000000 0.000000 1.000000
0.997811 -0.065058 -0.011880 0.014200 0.062948 0.989379 -0.131025 9.416800 0.020278 0.129990 0.991308 -1.313000 0.000000 0.000000 0.000000 1.000000
0.996673 -0.079131 -0.019516 0.014200 0.076536 0.991023 -0.109614 9.416800 0.028015 0.107756 0.993783 -1.313000 0.000000 0.000000 0.000000 1.000000
0.996549 -0.074217 -0.037188 0.014200 0.070134 0.992400 -0.101112 9.416800 0.044410 0.098155 0.994180 -1.313000 0.000000 0.000000 0.000000 1.000000
0.996768 -0.052749 -0.060593 0.014200 0.045995 0.993096 -0.107915 9.416800 0.065867 0.104779 0.992312 -1.313000 0.000000 0.000000 0.000000 1.000000
0.996365 -0.027698 -0.080554 0.014200 0.018021 0.992795 -0.118461 9.416800 0.083254 0.116579 0.989686 -1.313000 0.000000 0.000000 0.000000 1.000000
0.995788 -0.012074 -0.090890 0.014200 0.001418 0.993201 -0.116402 9.416800 0.091677 0.115783 0.989035 -1.313000 0.000000 0.000000 0.000000 1.000000
0.995726 -0.008165 -0.091996 0.014200 -0.000567 0.995525 -0.094494 9.416800 0.092356 0.094142 0.991266 -1.313000 0.000000 0.000000 0.000000 1.000000
0.996197 -0.009106 -0.086656 0.014200 0.003525 0.997922 -0.064333 9.416800 0.087062 0.063783 0.994159 -1.313000 0.000000 0.000000 0.000000 1.000000
0.997184 -0.009084 -0.074444 0.014200 0.005558 0.998859 -0.047435 9.416800 0.074790 0.046887 0.996096 -1.313000 0.000000 0.000000 0.000000 1.000000
0.998587 -0.008049 -0.052526 0.014200 0.005302 0.998621 -0.052231 9.416800 0.052874 0.051879 0.997253 -1.313000 0.000000 0.000000 0.000000 1.000000
0.999748 -0.006828 -0.021376 0.014200 0.005389 0.997762 -0.066641 9.416800 0.021783 0.066509 0.997548 -1.313000 0.000000 0.000000 0.000000 1.000000
0.999894 -0.003272 0.014189 0.014200 0.004308 0.997275 -0.073650 9.416800 -0.013910 0.073703 0.997183 -1.313000 0.000000 0.000000 0.000000 1.000000</float_array><technique_common><accessor source="#Spine2-Matrix-animation-output-transform-array" count="27" stride="16"><param type="float4x4"/></accessor></technique_common></source><source id="Spine2-Interpolations"><Name_array id="Spine2-Interpolations-array" count="27">
 LINEAR LINEAR LINEAR LINEAR LINEAR LINEAR LINEAR LINEAR LINEAR LINEAR LINEAR
LINEAR LINEAR LINEAR LINEAR LINEAR LINEAR LINEAR LINEAR LINEAR LINEAR LINEAR LINEAR
LINEAR LINEAR LINEAR LINEAR</Name_array><technique_common><accessor source="#Spine2-Interpolations-array" count="27"><param type="name"/></accessor></technique_common></source><sampler id="Spine2-Matrix-animation-transform"><input semantic="INPUT" source="#Spine2-Matrix-animation-input"/><input semantic="OUTPUT" source="#Spine2-Matrix-animation-output-transform"/><input semantic="INTERPOLATION" source="#Spine2-Interpolations"/></sampler><channel source="#Spine2-Matrix-animation-transform" target="Spine2/matrix"/></animation>
    <animation id="Neck-anim" name="Neck"><source id="Neck-Matrix-animation-input"><float_array id="Neck-Matrix-animation-input-array" count="27">

0.000000 0.033333 0.066667 0.100000 0.133333 0.166667 0.200000 0.233333 0.266667 0.300000 0.333333 0.366667 0.400000 0.433333 0.466667 0.500000
0.533333 0.566667 0.600000 0.633333 0.666667 0.700000 0.733333 0.766667 0.800000 0.833333 0.866667</float_array><technique_common><accessor source="#Neck-Matrix-animation-input-array" count="27"><param name="TIME" type="float"/></accessor></technique_common></source><source id="Neck-Matrix-animation-output-transform"><float_array id="Neck-Matrix-animation-output-transform-array" count="432">

0.999850 -0.017257 0.001326 0.016000 0.016735 0.983455 0.180379 10.593800 -0.004417 -0.180330 0.983596 -1.477100 0.000000 0.000000 0.000000 1.000000
0.999812 0.000136 -0.019391 0.016000 0.003093 0.986049 0.166428 10.593800 0.019144 -0.166456 0.985863 -1.477100 0.000000 0.000000 0.000000 1.000000
0.998674 0.008616 -0.050753 0.016000 -0.001892 0.991372 0.131063 10.593800 0.051444 -0.130793 0.990074 -1.477100 0.000000 0.000000 0.000000 1.000000
0.996327 0.007540 -0.085294 0.016000 -0.000202 0.996319 0.085719 10.593800 0.085626 -0.085387 0.992662 -1.477100 0.000000 0.000000 0.000000 1.000000
0.993787 0.001196 -0.111294 0.016000 0.003719 0.999027 0.043948 10.593800 0.111239 -0.044089 0.992815 -1.477100 0.000000 0.000000 0.000000 1.000000
0.992626 -0.004647 -0.121130 0.016000 0.006422 0.999878 0.014267 10.593800 0.121049 -0.014940 0.992534 -1.477100 0.000000 0.000000 0.000000 1.000000
0.992976 -0.007269 -0.118090 0.016000 0.007121 0.999973 -0.001676 10.593800 0.118099 0.000823 0.993002 -1.477100 0.000000 0.000000 0.000000 1.000000
0.993728 -0.006680 -0.111625 0.016000 0.006267 0.999972 -0.004046 10.593800 0.111648 0.003321 0.993742 -1.477100 0.000000 0.000000 0.000000 1.000000
0.994165 -0.004977 -0.107755 0.016000 0.005740 0.999961 0.006778 10.593800 0.107717 -0.007357 0.994154 -1.477100 0.000000 0.000000 0.000000 1.000000
0.994367 -0.005335 -0.105858 0.016000 0.008229 0.999604 0.026920 10.593800 0.105673 -0.027639 0.994017 -1.477100 0.000000 0.000000 0.000000 1.000000
0.994611 -0.009400 -0.103250 0.016000 0.014505 0.998703 0.048802 10.593800 0.102657 -0.050036 0.993458 -1.477100 0.000000 0.000000 0.000000 1.000000
0.994900 -0.015744 -0.099635 0.016000 0.022381 0.997578 0.065852 10.593800 0.098357 -0.067746 0.992843 -1.477100 0.000000 0.000000 0.000000 1.000000
0.995135 -0.020796 -0.096300 0.016000 0.028094 0.996783 0.075066 10.593800 0.094429 -0.077406 0.992518 -1.477100 0.000000 0.000000 0.000000 1.000000
0.995419 -0.021338 -0.093200 0.016000 0.028323 0.996835 0.074283 10.593800 0.091320 -0.076583 0.992873 -1.477100 0.000000 0.000000 0.000000 1.000000
0.995939 -0.017068 -0.088395 0.016000 0.022396 0.997969 0.059639 10.593800 0.087198 -0.061376 0.994299 -1.477100 0.000000 0.000000 0.000000 1.000000
0.996759 -0.011530 -0.079621 0.016000 0.013920 0.999467 0.029533 10.593800 0.079238 -0.030546 0.996388 -1.477100 0.000000 0.000000 0.000000 1.000000
0.997786 -0.010312 -0.065705 0.016000 0.009781 0.999917 -0.008391 10.593800 0.065786 0.007729 0.997804 -1.477100 0.000000 0.000000 0.000000 1.000000
0.998722 -0.016719 -0.047704 0.016000 0.014867 0.999132 -0.038917 10.593800 0.048313 0.038158 0.998103 -1.477100 0.000000 0.000000 0.000000 1.000000
0.999174 -0.027825 -0.029604 0.016000 0.026248 0.998282 -0.052384 10.593800 0.031011 0.051564 0.998188 -1.477100 0.000000 0.000000 0.000000 1.000000
0.999220 -0.035985 -0.016239 0.016000 0.035040 0.997862 -0.055166 10.593800 0.018190 0.054554 0.998345 -1.477100 0.000000 0.000000 0.000000 1.000000
0.999332 -0.035459 -0.008821 0.016000 0.034853 0.997506 -0.061373 10.593800 0.010975 0.061024 0.998076 -1.477100 0.000000 0.000000 0.000000 1.000000
0.999627 -0.027096 -0.003447 0.016000 0.026786 0.997154 -0.070479 10.593800 0.005347 0.070360 0.997507 -1.477100 0.000000 0.000000 0.000000 1.000000
0.999836 -0.017438 0.004856 0.016000 0.017697 0.998056 -0.059754 10.593800 -0.003805 0.059830 0.998201 -1.477100 0.000000 0.000000 0.000000 1.000000
0.999789 -0.012834 0.016049 0.016000 0.012988 0.999870 -0.009522 10.593800 -0.015925 0.009728 0.999826 -1.477100 0.000000 0.000000 0.000000 1.000000
0.999633 -0.013780 0.023319 0.016000 0.012163 0.997601 0.068149 10.593800 -0.024202 -0.067840 0.997403 -1.477100 0.000000 0.000000 0.000000 1.000000
0.999682 -0.016269 0.019279 0.016000 0.013419 0.990101 0.139716 10.593800 -0.021361 -0.139412 0.990004 -1.477100 0.000000 0.000000 0.000000 1.000000
0.999850 -0.017257 0.001326 0.016000 0.016735 0.983455 0.180379 10.593800 -0.004417 -0.180330 0.983596 -1.477100 0.000000 0.000000 0.000000 1.000000</float_array><technique_common><accessor source="#Neck-Matrix-animation-output-transform-array" count="27" stride="16"><param type="float4x4"/></accessor></technique_common></source><source id="Neck-Interpolations"><Name_array id="Neck-Interpolations-array" count="27">
 LINEAR LINEAR LINEAR LINEAR LINEAR LINEAR LINEAR LINEAR LINEAR LINEAR LINEAR
LINEAR LINEAR LINEAR LINEAR LINEAR LINEAR LINEAR LINEAR LINEAR LINEAR LINEAR LINEAR
LINEAR LINEAR LINEAR LINEAR</Name_array><technique_common><accessor source="#Neck-Interpolations-array" count="27"><param type="name"/></accessor></technique_common></source><sampler id="Neck-Matrix-animation-transform"><input semantic="INPUT" source="#Neck-Matrix-animation-input"/><input semantic="OUTPUT" source="#Neck-Matrix-animation-output-transform"/><input semantic="INTERPOLATION" source="#Neck-Interpolations"/></sampler><channel source="#Neck-Matrix-animation-transform" target="Neck/matrix"/></animation>
    <animation id="Head-anim" name="Head"><source id="Head-Matrix-animation-input"><float_array id="Head-Matrix-animation-input-array" count="27">

0.000000 0.033333 0.066667 0.100000 0.133333 0.166667 0.200000 0.233333 0.266667 0.300000 0.333333 0.366667 0.400000 0.433333 0.466667 0.500000
0.533333 0.566667 0.600000 0.633333 0.666667 0.700000 0.733333 0.766667 0.800000 0.833333 0.866667</float_array><technique_common><accessor source="#Head-Matrix-animation-input-array" count="27"><param name="TIME" type="float"/></accessor></technique_common></source><source id="Head-Matrix-animation-output-transform"><float_array id="Head-Matrix-animation-output-transform-array" count="432">

0.984634 -0.008521 0.174425 -0.000000 -0.059652 0.922321 0.381792 5.056400 -0.164129 -0.386330 0.907640 0.719600 0.000000 0.000000 0.000000 1.000000
0.999281 0.004468 0.037652 0.000000 -0.017896 0.931048 0.364457 5.056400 -0.033427 -0.364869 0.930459 0.719600 0.000000 0.000000 0.000000 1.000000
0.992413 -0.018301 -0.121577 0.000000 0.050847 0.961423 0.270332 5.056400 0.111940 -0.274463 0.955060 0.719600 0.000000 0.000000 0.000000 1.000000
0.955494 -0.077343 -0.284692 -0.000000 0.119254 0.983924 0.132937 5.056400 0.269833 -0.160971 0.949357 0.719600 0.000000 0.000000 0.000000 1.000000
0.907774 -0.141111 -0.395011 0.000000 0.156975 0.987571 0.007951 5.056400 0.388979 -0.069225 0.918642 0.719600 0.000000 0.000000 0.000000 1.000000
0.894494 -0.173716 -0.411951 0.000000 0.161321 0.984760 -0.064980 5.056400 0.416962 -0.008332 0.908886 0.719600 0.000000 0.000000 0.000000 1.000000
0.921545 -0.167600 -0.350237 0.000000 0.147117 0.985503 -0.084502 5.056400 0.359322 0.026347 0.932842 0.719600 0.000000 0.000000 0.000000 1.000000
0.955047 -0.132853 -0.265019 0.000000 0.123023 0.990964 -0.053430 5.056400 0.269722 0.018425 0.962762 0.719600 0.000000 0.000000 0.000000 1.000000
0.975128 -0.083565 -0.205285 0.000000 0.092273 0.995180 0.033202 5.056400 0.201521 -0.051318 0.978139 0.719600 0.000000 0.000000 0.000000 1.000000
0.983694 -0.035720 -0.176265 0.000000 0.064100 0.985349 0.158048 5.056400 0.168037 -0.166770 0.971572 0.719600 0.000000 0.000000 0.000000 1.000000
0.987300 0.000344 -0.158868 -0.000000 0.044285 0.959766 0.277288 5.056400 0.152571 -0.280802 0.947561 0.719600 0.000000 0.000000 0.000000 1.000000
0.989164 0.027983 -0.144124 0.000000 0.025949 0.932892 0.359220 5.056400 0.144505 -0.359067 0.922057 0.719600 0.000000 0.000000 0.000000 1.000000
0.989234 0.056262 -0.135098 0.000000 0.002872 0.915507 0.402291 5.056400 0.146317 -0.398348 0.905489 0.719600 0.000000 0.000000 0.000000 1.000000
0.987869 0.086941 -0.128672 0.000000 -0.026200 0.910022 0.413732 5.056400 0.153065 -0.405342 0.901260 0.719600 0.000000 0.000000 0.000000 1.000000
0.987606 0.115949 -0.105787 0.000000 -0.066106 0.918580 0.389668 5.056400 0.142356 -0.377845 0.914860 0.719600 0.000000 0.000000 0.000000 1.000000
0.989247 0.140079 -0.042058 0.000000 -0.119172 0.938714 0.323442 5.056400 0.084788 -0.314952 0.945313 0.719600 0.000000 0.000000 0.000000 1.000000
0.986111 0.151130 0.068879 0.000000 -0.163166 0.958968 0.231857 5.056400 -0.031012 -0.239876 0.970308 0.719600 0.000000 0.000000 0.000000 1.000000
0.971127 0.131883 0.198793 0.000000 -0.165816 0.972251 0.165021 5.056400 -0.171513 -0.193220 0.966048 0.719600 0.000000 0.000000 0.000000 1.000000
0.951452 0.077750 0.297815 -0.000000 -0.129733 0.978725 0.158953 5.056400 -0.279121 -0.189873 0.941297 0.719600 0.000000 0.000000 0.000000 1.000000
0.941518 0.019793 0.336381 0.000000 -0.084203 0.980423 0.177993 5.056400 -0.326272 -0.195908 0.924752 0.719600 0.000000 0.000000 0.000000 1.000000
0.942697 0.001435 0.333647 0.000000 -0.055651 0.986659 0.152993 5.056400 -0.328977 -0.162794 0.930200 0.719600 0.000000 0.000000 0.000000 1.000000
0.942197 0.029634 0.333746 -0.000000 -0.056711 0.995814 0.071681 5.056400 -0.330225 -0.086465 0.939934 0.719600 0.000000 0.000000 0.000000 1.000000
0.929984 0.067750 0.361303 0.000000 -0.072775 0.997348 0.000302 5.056400 -0.360325 -0.026575 0.932448 0.719600 0.000000 0.000000 0.000000 1.000000
0.912953 0.077558 0.400626 0.000000 -0.090065 0.995858 0.012452 5.056400 -0.398000 -0.047450 0.916157 0.719600 0.000000 0.000000 0.000000 1.000000
0.912529 0.054055 0.405425 0.000000 -0.109416 0.987364 0.114628 5.056400 -0.394106 -0.148962 0.906913 0.719600 0.000000 0.000000 0.000000 1.000000
0.942136 0.018330 0.334729 0.000000 -0.109709 0.960378 0.256199 5.056400 -0.316770 -0.278097 0.906818 0.719600 0.000000 0.000000 0.000000 1.000000
0.984634 -0.008521 0.174425 0.000000 -0.059652 0.922321 0.381792 5.056400 -0.164129 -0.386330 0.907640 0.719600 0.000000 0.000000 0.000000 1.000000</float_array><technique_common><accessor source="#Head-Matrix-animation-output-transform-array" count="27" stride="16"><param type="float4x4"/></accessor></technique_common></source><source id="Head-Interpolations"><Name_array id="Head-Interpolations-array" count="27">
 LINEAR LINEAR LINEAR LINEAR LINEAR LINEAR LINEAR LINEAR LINEAR LINEAR LINEAR
LINEAR LINEAR LINEAR LINEAR LINEAR LINEAR LINEAR LINEAR LINEAR LINEAR LINEAR LINEAR
LINEAR LINEAR LINEAR LINEAR</Name_array><technique_common><accessor source="#Head-Interpolations-array" count="27"><param type="name"/></accessor></technique_common></source><sampler id="Head-Matrix-animation-transform"><input semantic="INPUT" source="#Head-Matrix-animation-input"/><input semantic="OUTPUT" source="#Head-Matrix-animation-output-transform"/><input semantic="INTERPOLATION" source="#Head-Interpolations"/></sampler><channel source="#Head-Matrix-animation-transform" target="Head/matrix"/></animation>
    <animation id="LeftShoulder-anim" name="LeftShoulder"><source id="LeftShoulder-Matrix-animation-input"><float_array id="LeftShoulder-Matrix-animation-input-array" count="27">

0.000000 0.033333 0.066667 0.100000 0.133333 0.166667 0.200000 0.233333 0.266667 0.300000 0.333333 0.366667 0.400000 0.433333 0.466667 0.500000
0.533333 0.566667 0.600000 0.633333 0.666667 0.700000 0.733333 0.766667 0.800000 0.833333 0.866667</float_array><technique_common><accessor source="#LeftShoulder-Matrix-animation-input-array" count="27"><param name="TIME" type="float"/></accessor></technique_common></source><source id="LeftShoulder-Matrix-animation-output-transform"><float_array id="LeftShoulder-Matrix-animation-output-transform-array" count="432">

0.989467 0.139514 0.038619 3.528500 -0.139278 0.990215 -0.008758 8.730400 -0.039463 0.003287 0.999216 -1.456100 0.000000 0.000000 0.000000 1.000000
0.986466 0.104444 0.126401 3.528500 -0.102875 0.994515 -0.018894 8.730400 -0.127680 0.005634 0.991799 -1.456100 0.000000 0.000000 0.000000 1.000000
0.980469 0.015112 0.196091 3.528500 -0.008197 0.999317 -0.036027 8.730400 -0.196502 0.033716 0.979924 -1.456100 0.000000 0.000000 0.000000 1.000000
0.971841 -0.074686 0.223486 3.528500 0.089124 0.994489 -0.055213 8.730400 -0.218131 0.073576 0.973142 -1.456100 0.000000 0.000000 0.000000 1.000000
0.966067 -0.127054 0.224880 3.528500 0.147572 0.986061 -0.076846 8.730400 -0.211982 0.107425 0.971351 -1.456100 0.000000 0.000000 0.000000 1.000000
0.960435 -0.147358 0.236326 3.528500 0.173429 0.980397 -0.093507 8.730400 -0.217914 0.130793 0.967164 -1.456100 0.000000 0.000000 0.000000 1.000000
0.951982 -0.165459 0.257591 3.528500 0.196061 0.975696 -0.097862 8.730400 -0.235138 0.143666 0.961286 -1.456100 0.000000 0.000000 0.000000 1.000000
0.947354 -0.194275 0.254514 3.528500 0.223283 0.970566 -0.090256 8.730400 -0.229488 0.142333 0.962848 -1.456100 0.000000 0.000000 0.000000 1.000000
0.955697 -0.208138 0.208138 3.528500 0.229653 0.969560 -0.084925 8.730400 -0.184126 0.128962 0.974406 -1.456100 0.000000 0.000000 0.000000 1.000000
0.974975 -0.176962 0.134570 3.528500 0.189625 0.977915 -0.087884 8.730400 -0.116046 0.111203 0.986999 -1.456100 0.000000 0.000000 0.000000 1.000000
0.990521 -0.119853 0.067102 3.528500 0.125521 0.988196 -0.087828 8.730400 -0.055784 0.095418 0.993873 -1.456100 0.000000 0.000000 0.000000 1.000000
0.996646 -0.079323 0.020135 3.528500 0.080673 0.993628 -0.078707 8.730400 -0.013763 0.080068 0.996694 -1.456100 0.000000 0.000000 0.000000 1.000000
0.997306 -0.071987 -0.014072 3.528500 0.070956 0.995453 -0.063547 8.730400 0.018582 0.062377 0.997880 -1.456100 0.000000 0.000000 0.000000 1.000000
0.995879 -0.079376 -0.043878 3.528500 0.077288 0.995882 -0.047391 8.730400 0.047459 0.043805 0.997912 -1.456100 0.000000 0.000000 0.000000 1.000000
0.994913 -0.078249 -0.063445 3.528500 0.076304 0.996554 -0.032525 8.730400 0.065771 0.027518 0.997455 -1.456100 0.000000 0.000000 0.000000 1.000000
0.996062 -0.067458 -0.057538 3.528500 0.066490 0.997614 -0.018581 8.730400 0.058654 0.014682 0.998170 -1.456100 0.000000 0.000000 0.000000 1.000000
0.997519 -0.067662 -0.019410 3.528500 0.067541 0.997693 -0.006793 8.730400 0.019825 0.005465 0.999789 -1.456100 0.000000 0.000000 0.000000 1.000000
0.994759 -0.098233 0.028378 3.528500 0.098241 0.995162 0.001106 8.730400 -0.028349 0.001688 0.999597 -1.456100 0.000000 0.000000 0.000000 1.000000
0.989311 -0.141709 0.034392 3.528500 0.141611 0.989908 0.005287 8.730400 -0.034794 -0.000360 0.999394 -1.456100 0.000000 0.000000 0.000000 1.000000
0.986122 -0.164866 -0.019562 3.528500 0.164848 0.986316 -0.002537 8.730400 0.019713 -0.000723 0.999805 -1.456100 0.000000 0.000000 0.000000 1.000000
0.985681 -0.136833 -0.098539 3.528500 0.135801 0.990588 -0.017141 8.730400 0.099957 0.003514 0.994986 -1.456100 0.000000 0.000000 0.000000 1.000000
0.987264 -0.056961 -0.148545 3.528500 0.054450 0.998297 -0.020924 8.730400 0.149484 0.012569 0.988684 -1.456100 0.000000 0.000000 0.000000 1.000000
0.988723 0.040818 -0.144085 3.528500 -0.043419 0.998945 -0.014946 8.730400 0.143323 0.021033 0.989452 -1.456100 0.000000 0.000000 0.000000 1.000000
0.988561 0.112099 -0.100898 3.528500 -0.113856 0.993427 -0.011799 8.730400 0.098912 0.023152 0.994827 -1.456100 0.000000 0.000000 0.000000 1.000000
0.989014 0.139523 -0.048826 3.528500 -0.140249 0.990047 -0.011747 8.730400 0.046701 0.018466 0.998738 -1.456100 0.000000 0.000000 0.000000 1.000000
0.990053 0.140669 -0.002732 3.528500 -0.140690 0.989998 -0.010490 8.730400 0.001229 0.010770 0.999941 -1.456100 0.000000 0.000000 0.000000 1.000000
0.989467 0.139515 0.038619 3.528500 -0.139278 0.990215 -0.008758 8.730400 -0.039463 0.003287 0.999216 -1.456100 0.000000 0.000000 0.000000 1.000000</float_array><technique_common><accessor source="#LeftShoulder-Matrix-animation-output-transform-array" count="27" stride="16"><param type="float4x4"/></accessor></technique_common></source><source id="LeftShoulder-Interpolations"><Name_array id="LeftShoulder-Interpolations-array" count="27">
 LINEAR LINEAR LINEAR LINEAR LINEAR LINEAR LINEAR LINEAR LINEAR LINEAR LINEAR
LINEAR LINEAR LINEAR LINEAR LINEAR LINEAR LINEAR LINEAR LINEAR LINEAR LINEAR LINEAR
