<?xml version="1.0" encoding="utf-8"?>
<COLLADA xmlns="http://www.collada.org/2005/11/COLLADASchema" version="1.4.1">
  <asset><contributor><author>Mixamo</author><authoring_tool>COLLADA Mixamo exporter</authoring_tool><comments></comments></contributor><created>2020-12-15T15:33:17Z</created><modified>2020-12-15T15:33:17Z</modified><revision></revision><title></title><unit meter="0.010000"/><up_axis>Y_UP</up_axis></asset>
  <library_animations>
    <animation id="Hips-anim" name="Hips"><source id="Hips-Matrix-animation-input"><float_array id="Hips-Matrix-animation-input-array" count="67">

0.000000 0.033333 0.066667 0.100000 0.133333 0.166667 0.200000 0.233333 0.266667 0.300000 0.333333 0.366667 0.400000 0.433333 0.466667 0.500000
0.533333 0.566667 0.600000 0.633333 0.666667 0.700000 0.733333 0.766667 0.800000 0.833333 0.866667 0.900000 0.933333 0.966667 1.000000 1.033333
1.066667 1.100000 1.133333 1.166667 1.200000 1.233333 1.266667 1.300000 1.333333 1.366667 1.400000 1.433333 1.466667 1.500000 1.533333 1.566667
1.600000 1.633333 1.666667 1.700000 1.733333 1.766667 1.800000 1.833333 1.866667 1.900000 1.933333 1.966667 2.000000 2.033333 2.066667 2.100000
2.133333 2.166667 2.200000</float_array><technique_common><accessor source="#Hips-Matrix-animation-input-array" count="67"><param name="TIME" type="float"/></accessor></technique_common></source><source id="Hips-Matrix-animation-output-transform"><float_array id="Hips-Matrix-animation-output-transform-array" count="1072">

0.999909 0.010500 -0.008466 -0.068010 -0.009632 0.995259 0.096783 79.934822 0.009442 -0.096693 0.995270 1.604679 0.000000 0.000000 0.000000 1.000000
0.999905 0.010144 -0.009302 -0.037675 -0.009210 0.995385 0.095517 79.918091 0.010228 -0.095422 0.995384 1.555776 0.000000 0.000000 0.000000 1.000000
0.999907 0.009217 -0.010089 -0.033701 -0.008233 0.995581 0.093543 79.888214 0.010907 -0.093451 0.995564 1.448967 0.000000 0.000000 0.000000 1.000000
0.999909 0.008285 -0.010635 -0.047920 -0.007293 0.995904 0.090117 79.861923 0.011338 -0.090031 0.995874 1.278176 0.000000 0.000000 0.000000 1.000000
0.999908 0.007596 -0.011227 -0.065554 -0.006625 0.996434 0.084116 79.842682 0.011826 -0.084034 0.996393 1.071002 0.000000 0.000000 0.000000 1.000000
0.999913 0.006841 -0.011281 -0.075730 -0.005978 0.997172 0.074909 79.820526 0.011761 -0.074835 0.997127 0.830589 0.000000 0.000000 0.000000 1.000000
0.999934 0.005634 -0.010057 -0.077346 -0.004993 0.998025 0.062619 79.792412 0.010390 -0.062565 0.997987 0.556785 0.000000 0.000000 0.000000 1.000000
0.999960 0.004277 -0.007874 -0.077297 -0.003901 0.998880 0.047164 79.763123 0.008067 -0.047132 0.998856 0.251542 0.000000 0.000000 0.000000 1.000000
0.999982 0.002991 -0.005246 -0.083904 -0.002844 0.999613 0.027686 79.735924 0.005327 -0.027670 0.999603 -0.087594 0.000000 0.000000 0.000000 1.000000
0.999998 0.000944 -0.001777 -0.105823 -0.000938 0.999993 0.003596 79.707520 0.001780 -0.003594 0.999992 -0.474215 0.000000 0.000000 0.000000 1.000000
0.999996 -0.002288 0.001812 -0.152736 0.002333 0.999674 -0.025418 79.647583 -0.001753 0.025422 0.999675 -0.946954 0.000000 0.000000 0.000000 1.000000
0.999962 -0.007060 0.005017 -0.223500 0.007352 0.998121 -0.060837 79.517387 -0.004578 0.060871 0.998135 -1.590900 0.000000 0.000000 0.000000 1.000000
0.999839 -0.013505 0.011797 -0.314285 0.014661 0.994451 -0.104175 79.258171 -0.010325 0.104332 0.994489 -2.496138 0.000000 0.000000 0.000000 1.000000
0.999529 -0.016562 0.025831 -0.419884 0.020319 0.988055 -0.152754 78.639656 -0.022992 0.153207 0.987927 -3.614115 0.000000 0.000000 0.000000 1.000000
0.999078 -0.010960 0.041504 -0.542763 0.019074 0.979509 -0.200494 77.348175 -0.038457 0.201101 0.978815 -4.728624 0.000000 0.000000 0.000000 1.000000
0.998709 -0.003245 0.050687 -0.710534 0.015400 0.970326 -0.241312 75.303261 -0.048400 0.241781 0.969123 -5.649627 0.000000 0.000000 0.000000 1.000000
0.998446 -0.001290 0.055718 -0.929919 0.016059 0.963990 -0.265453 72.608986 -0.053369 0.265935 0.962512 -6.272266 0.000000 0.000000 0.000000 1.000000
0.998085 -0.004878 0.061658 -1.147220 0.021145 0.963731 -0.266035 69.542549 -0.058124 0.266830 0.961989 -6.452211 0.000000 0.000000 0.000000 1.000000
0.997538 -0.010134 0.069387 -1.327419 0.027011 0.968677 -0.246852 66.601669 -0.064712 0.248118 0.966566 -6.087768 0.000000 0.000000 0.000000 1.000000
0.997040 -0.008838 0.076379 -1.520791 0.024714 0.977495 -0.209505 64.488564 -0.072809 0.210772 0.974820 -5.310537 0.000000 0.000000 0.000000 1.000000
0.996847 -0.002047 0.079327 -1.800533 0.014002 0.988520 -0.150440 63.653252 -0.078108 0.151076 0.985431 -4.388561 0.000000 0.000000 0.000000 1.000000
0.997185 -0.004251 0.074859 -2.100115 0.010133 0.996873 -0.078365 64.249931 -0.074292 0.078903 0.994110 -3.413611 0.000000 0.000000 0.000000 1.000000
0.997783 -0.016372 0.064505 -2.319854 0.017441 0.999719 -0.016049 66.743912 -0.064224 0.017138 0.997788 -2.296533 0.000000 0.000000 0.000000 1.000000
0.997840 -0.027782 0.059527 -2.435721 0.026562 0.999422 0.021198 71.601349 -0.060081 -0.019571 0.998002 -1.024466 0.000000 0.000000 0.000000 1.000000
0.997318 -0.035788 0.063841 -2.456593 0.033576 0.998810 0.035387 78.232536 -0.065032 -0.033148 0.997332 0.289322 0.000000 0.000000 0.000000 1.000000
0.997049 -0.039018 0.066114 -2.455878 0.036846 0.998751 0.033748 85.511223 -0.067348 -0.031213 0.997241 1.461063 0.000000 0.000000 0.000000 1.000000
0.997687 -0.036792 0.057152 -2.467776 0.035402 0.999057 0.025141 90.784752 -0.058024 -0.023060 0.998049 2.149173 0.000000 0.000000 0.000000 1.000000
0.998759 -0.036917 0.033437 -2.625377 0.036209 0.999112 0.021543 95.273659 -0.034203 -0.020306 0.999209 2.062111 0.000000 0.000000 0.000000 1.000000
0.999060 -0.043252 0.002801 -2.880631 0.043166 0.998733 0.025855 98.944244 -0.003916 -0.025709 0.999662 1.558347 0.000000 0.000000 0.000000 1.000000
0.998553 -0.051308 -0.016100 -3.081214 0.051777 0.998201 0.030225 101.529266 0.014520 -0.031015 0.999413 1.287866 0.000000 0.000000 0.000000 1.000000
0.998178 -0.058085 -0.016353 -3.197191 0.058659 0.997587 0.037138 103.466545 0.014156 -0.038030 0.999176 1.361617 0.000000 0.000000 0.000000 1.000000
0.997791 -0.065828 -0.008934 -3.324583 0.066178 0.996697 0.047074 104.546967 0.005805 -0.047561 0.998851 1.509895 0.000000 0.000000 0.000000 1.000000
0.997289 -0.073423 -0.004822 -3.498816 0.073574 0.995964 0.051413 104.643021 0.001027 -0.051629 0.998666 1.560822 0.000000 0.000000 0.000000 1.000000
0.996846 -0.079214 -0.004747 -3.727864 0.079352 0.995643 0.048972 103.800858 0.000847 -0.049195 0.998789 1.520699 0.000000 0.000000 0.000000 1.000000
0.996486 -0.083622 -0.004798 -3.990455 0.083755 0.995394 0.046647 102.002312 0.000875 -0.046885 0.998900 1.459129 0.000000 0.000000 0.000000 1.000000
0.996137 -0.087749 -0.003339 -4.267390 0.087809 0.995052 0.046489 99.318588 -0.000757 -0.046603 0.998913 1.417781 0.000000 0.000000 0.000000 1.000000
0.995943 -0.089984 -0.000731 -4.549680 0.089916 0.994810 0.047625 95.795914 -0.003558 -0.047497 0.998865 1.392244 0.000000 0.000000 0.000000 1.000000
0.995913 -0.090173 0.005010 -4.845367 0.089766 0.994458 0.054732 91.384857 -0.009917 -0.054059 0.998488 1.422815 0.000000 0.000000 0.000000 1.000000
0.995741 -0.091298 0.012863 -5.174555 0.090329 0.993956 0.062384 86.114532 -0.018481 -0.060956 0.997969 1.456365 0.000000 0.000000 0.000000 1.000000
0.996036 -0.088106 0.012242 -5.430510 0.087524 0.995279 0.041937 79.917877 -0.015879 -0.040699 0.999045 0.957928 0.000000 0.000000 0.000000 1.000000
0.997526 -0.070110 0.005168 -5.596276 0.070106 0.997539 0.001013 74.295006 -0.005226 -0.000648 0.999986 -0.479651 0.000000 0.000000 0.000000 1.000000
0.998839 -0.044673 0.018053 -5.718802 0.044604 0.998996 0.004231 71.032593 -0.018224 -0.003421 0.999828 -1.852931 0.000000 0.000000 0.000000 1.000000
0.998500 -0.040414 0.036929 -5.867890 0.039028 0.998534 0.037513 69.956665 -0.038391 -0.036015 0.998614 -2.344645 0.000000 0.000000 0.000000 1.000000
0.998564 -0.042052 0.033199 -5.964305 0.040560 0.998190 0.044400 69.992279 -0.035006 -0.042989 0.998462 -2.289185 0.000000 0.000000 0.000000 1.000000
0.998779 -0.040446 0.028361 -5.943706 0.039545 0.998716 0.031658 70.679344 -0.029605 -0.030498 0.999096 -2.099990 0.000000 0.000000 0.000000 1.000000
0.998556 -0.038778 0.037185 -5.781145 0.037924 0.999007 0.023401 71.836700 -0.038055 -0.021957 0.999034 -1.870084 0.000000 0.000000 0.000000 1.000000
0.998241 -0.036697 0.046573 -5.506117 0.035516 0.999033 0.025927 73.278168 -0.047479 -0.024227 0.998578 -1.481240 0.000000 0.000000 0.000000 1.000000
0.998259 -0.036348 0.046448 -5.191827 0.034602 0.998684 0.037857 74.915016 -0.047763 -0.036184 0.998203 -0.885318 0.000000 0.000000 0.000000 1.000000
0.998603 -0.038065 0.036652 -4.873938 0.036169 0.998040 0.051062 76.538033 -0.038524 -0.049665 0.998023 -0.210493 0.000000 0.000000 0.000000 1.000000
0.999053 -0.037629 0.021847 -4.560186 0.036307 0.997656 0.058009 77.863548 -0.023978 -0.057161 0.998077 0.398262 0.000000 0.000000 0.000000 1.000000
0.999448 -0.032469 0.007043 -4.244502 0.031991 0.997698 0.059796 78.769211 -0.008968 -0.059538 0.998186 0.871922 0.000000 0.000000 0.000000 1.000000
0.999697 -0.024195 -0.004558 -3.916690 0.024430 0.997814 0.061412 79.296173 0.003062 -0.061504 0.998102 1.184749 0.000000 0.000000 0.000000 1.000000
0.999810 -0.015591 -0.011700 -3.572318 0.016319 0.997753 0.064978 79.533829 0.010661 -0.065157 0.997818 1.344174 0.000000 0.000000 0.000000 1.000000
0.999805 -0.008289 -0.017920 -3.218929 0.009528 0.997488 0.070191 79.578064 0.017293 -0.070348 0.997373 1.396317 0.000000 0.000000 0.000000 1.000000
0.999609 -0.003267 -0.027787 -2.873261 0.005369 0.997100 0.075913 79.590202 0.027459 -0.076033 0.996727 1.401297 0.000000 0.000000 0.000000 1.000000
0.999191 -0.001868 -0.040162 -2.523024 0.005120 0.996700 0.081014 79.646515 0.039878 -0.081155 0.995903 1.406924 0.000000 0.000000 0.000000 1.000000
0.998769 -0.003657 -0.049459 -2.159874 0.007862 0.996342 0.085095 79.749336 0.048967 -0.085379 0.995145 1.432952 0.000000 0.000000 0.000000 1.000000
0.998687 -0.005096 -0.050967 -1.804334 0.009613 0.996005 0.088784 79.852043 0.050310 -0.089157 0.994746 1.461230 0.000000 0.000000 0.000000 1.000000
0.998945 -0.003729 -0.045774 -1.474419 0.007965 0.995660 0.092727 79.920723 0.045230 -0.092993 0.994639 1.478820 0.000000 0.000000 0.000000 1.000000
0.999259 -0.000799 -0.038486 -1.173664 0.004522 0.995299 0.096740 79.942924 0.038228 -0.096843 0.994565 1.496658 0.000000 0.000000 0.000000 1.000000
0.999504 0.002119 -0.031413 -0.913034 0.001030 0.994997 0.099895 79.930214 0.031468 -0.099878 0.994502 1.517826 0.000000 0.000000 0.000000 1.000000
0.999696 0.004322 -0.024255 -0.700652 -0.001842 0.994849 0.101353 79.912628 0.024568 -0.101278 0.994555 1.537790 0.000000 0.000000 0.000000 1.000000
0.999829 0.005989 -0.017504 -0.523180 -0.004186 0.994847 0.101300 79.914024 0.018020 -0.101210 0.994702 1.558167 0.000000 0.000000 0.000000 1.000000
0.999892 0.007816 -0.012442 -0.364859 -0.006532 0.994953 0.100133 79.930130 0.013162 -0.100041 0.994896 1.580825 0.000000 0.000000 0.000000 1.000000
0.999910 0.009635 -0.009352 -0.226683 -0.008665 0.995081 0.098685 79.946762 0.010257 -0.098595 0.995075 1.601929 0.000000 0.000000 0.000000 1.000000
0.999911 0.010509 -0.008240 -0.128269 -0.009654 0.995170 0.097688 79.948524 0.009227 -0.097599 0.995183 1.613725 0.000000 0.000000 0.000000 1.000000
0.999909 0.010500 -0.008466 -0.068013 -0.009631 0.995259 0.096783 79.934814 0.009442 -0.096693 0.995270 1.604680 0.000000 0.000000 0.000000 1.000000</float_array><technique_common><accessor source="#Hips-Matrix-animation-output-transform-array" count="67" stride="16"><param type="float4x4"/></accessor></technique_common></source><source id="Hips-Interpolations"><Name_array id="Hips-Interpolations-array" count="67">
 LINEAR LINEAR LINEAR LINEAR LINEAR LINEAR LINEAR LINEAR LINEAR LINEAR LINEAR
LINEAR LINEAR LINEAR LINEAR LINEAR LINEAR LINEAR LINEAR LINEAR LINEAR LINEAR LINEAR
LINEAR LINEAR LINEAR LINEAR LINEAR LINEAR LINEAR LINEAR LINEAR LINEAR LINEAR LINEAR
LINEAR LINEAR LINEAR LINEAR LINEAR LINEAR LINEAR LINEAR LINEAR LINEAR LINEAR LINEAR
LINEAR LINEAR LINEAR LINEAR LINEAR LINEAR LINEAR LINEAR LINEAR LINEAR LINEAR LINEAR
LINEAR LINEAR LINEAR LINEAR LINEAR LINEAR LINEAR LINEAR</Name_array><technique_common><accessor source="#Hips-Interpolations-array" count="67"><param type="name"/></accessor></technique_common></source><sampler id="Hips-Matrix-animation-transform"><input semantic="INPUT" source="#Hips-Matrix-animation-input"/><input semantic="OUTPUT" source="#Hips-Matrix-animation-output-transform"/><input semantic="INTERPOLATION" source="#Hips-Interpolations"/></sampler><channel source="#Hips-Matrix-animation-transform" target="Hips/matrix"/></animation>
    <animation id="Spine-anim" name="Spine"><source id="Spine-Matrix-animation-input"><float_array id="Spine-Matrix-animation-input-array" count="67">

0.000000 0.033333 0.066667 0.100000 0.133333 0.166667 0.200000 0.233333 0.266667 0.300000 0.333333 0.366667 0.400000 0.433333 0.466667 0.500000
0.533333 0.566667 0.600000 0.633333 0.666667 0.700000 0.733333 0.766667 0.800000 0.833333 0.866667 0.900000 0.933333 0.966667 1.000000 1.033333
1.066667 1.100000 1.133333 1.166667 1.200000 1.233333 1.266667 1.300000 1.333333 1.366667 1.400000 1.433333 1.466667 1.500000 1.533333 1.566667
1.600000 1.633333 1.666667 1.700000 1.733333 1.766667 1.800000 1.833333 1.866667 1.900000 1.933333 1.966667 2.000000 2.033333 2.066667 2.100000
2.133333 2.166667 2.200000</float_array><technique_common><accessor source="#Spine-Matrix-animation-input-array" count="67"><param name="TIME" type="float"/></accessor></technique_common></source><source id="Spine-Matrix-animation-output-transform"><float_array id="Spine-Matrix-animation-output-transform-array" count="1072">

0.999809 -0.019497 -0.001290 0.009000 0.019409 0.998583 -0.049559 7.062600 0.002254 0.049524 0.998770 -0.984700 0.000000 0.000000 0.000000 1.000000
0.999818 -0.018961 -0.002006 0.009000 0.018831 0.998468 -0.052029 7.062600 0.002989 0.051982 0.998644 -0.984700 0.000000 0.000000 0.000000 1.000000
0.999836 -0.017953 -0.002443 0.009000 0.017784 0.998209 -0.057121 7.062600 0.003464 0.057068 0.998364 -0.984700 0.000000 0.000000 0.000000 1.000000
0.999853 -0.016936 -0.002617 0.009000 0.016732 0.997763 -0.064722 7.062600 0.003707 0.064669 0.997900 -0.984700 0.000000 0.000000 0.000000 1.000000
0.999869 -0.016043 -0.002303 0.009000 0.015831 0.997174 -0.073444 7.062600 0.003475 0.073398 0.997297 -0.984700 0.000000 0.000000 0.000000 1.000000
0.999879 -0.015425 -0.001746 0.009000 0.015227 0.996431 -0.083032 7.062600 0.003021 0.082995 0.996545 -0.984700 0.000000 0.000000 0.000000 1.000000
0.999884 -0.015197 -0.000788 0.009000 0.015056 0.995488 -0.093683 7.062600 0.002208 0.093660 0.995602 -0.984700 0.000000 0.000000 0.000000 1.000000
0.999887 -0.014996 0.001045 0.009000 0.015022 0.994280 -0.105744 7.062600 0.000547 0.105748 0.994393 -0.984700 0.000000 0.000000 0.000000 1.000000
0.999887 -0.014656 0.003196 0.009000 0.014933 0.992761 -0.119177 7.062600 -0.001426 0.119212 0.992868 -0.984700 0.000000 0.000000 0.000000 1.000000
0.999890 -0.013998 0.004974 0.009000 0.014539 0.990864 -0.134080 7.062600 -0.003052 0.134137 0.990958 -0.984700 0.000000 0.000000 0.000000 1.000000
0.999903 -0.012402 0.006377 0.009000 0.013222 0.988473 -0.150820 7.062600 -0.004433 0.150890 0.988541 -0.984700 0.000000 0.000000 0.000000 1.000000
0.999937 -0.009286 0.006379 0.009000 0.010232 0.985508 -0.169322 7.062600 -0.004714 0.169376 0.985540 -0.984700 0.000000 0.000000 0.000000 1.000000
0.999981 -0.005657 0.002606 0.009000 0.006050 0.981652 -0.190583 7.062600 -0.001480 0.190595 0.981668 -0.984700 0.000000 0.000000 0.000000 1.000000
0.999966 -0.006936 -0.004401 0.009000 0.005816 0.976150 -0.217019 7.062600 0.005801 0.216986 0.976158 -0.984700 0.000000 0.000000 0.000000 1.000000
0.999834 -0.016586 -0.007567 0.009000 0.014210 0.969061 -0.246411 7.062600 0.011420 0.246262 0.969136 -0.984700 0.000000 0.000000 0.000000 1.000000
0.999620 -0.027293 -0.003849 0.009000 0.025218 0.961978 -0.271959 7.062600 0.011125 0.271758 0.962301 -0.984700 0.000000 0.000000 0.000000 1.000000
0.999488 -0.031965 0.001340 0.009000 0.030943 0.955180 -0.294405 7.062600 0.008130 0.294296 0.955680 -0.984700 0.000000 0.000000 0.000000 1.000000
0.999526 -0.030427 0.004690 0.009000 0.030357 0.948780 -0.314476 7.062600 0.005119 0.314469 0.949254 -0.984700 0.000000 0.000000 0.000000 1.000000
0.999634 -0.026174 0.006887 0.009000 0.026996 0.946101 -0.322745 7.062600 0.001932 0.322813 0.946461 -0.984700 0.000000 0.000000 0.000000 1.000000
0.999616 -0.026215 0.008949 0.009000 0.027699 0.948999 -0.314059 7.062600 -0.000259 0.314186 0.949361 -0.984700 0.000000 0.000000 0.000000 1.000000
0.999523 -0.030373 0.005519 0.009000 0.030658 0.955679 -0.292811 7.062600 0.003619 0.292841 0.956154 -0.984700 0.000000 0.000000 0.000000 1.000000
0.999582 -0.028391 -0.005452 0.009000 0.026032 0.965963 -0.257366 7.062600 0.012573 0.257117 0.966299 -0.984700 0.000000 0.000000 0.000000 1.000000
0.999821 -0.017186 -0.007935 0.009000 0.015172 0.978224 -0.206998 7.062600 0.011319 0.206840 0.978309 -0.984700 0.000000 0.000000 0.000000 1.000000
0.999974 -0.006831 0.002256 0.009000 0.007096 0.988132 -0.153445 7.062600 -0.001181 0.153457 0.988155 -0.984700 0.000000 0.000000 0.000000 1.000000
0.999940 -0.004847 0.009827 0.009000 0.005863 0.994326 -0.106211 7.062600 -0.009256 0.106263 0.994295 -0.984700 0.000000 0.000000 0.000000 1.000000
0.999798 -0.008848 0.018038 0.009000 0.010001 0.997844 -0.064857 7.062600 -0.017425 0.065024 0.997732 -0.984700 0.000000 0.000000 0.000000 1.000000
0.999382 -0.013080 0.032637 0.009000 0.014271 0.999230 -0.036544 7.062600 -0.032134 0.036987 0.998799 -0.984700 0.000000 0.000000 0.000000 1.000000
0.998870 -0.013747 0.045496 0.009000 0.015708 0.998951 -0.043018 7.062600 -0.044857 0.043684 0.998038 -0.984700 0.000000 0.000000 0.000000 1.000000
0.998371 -0.013314 0.055486 0.009000 0.017436 0.997070 -0.074485 7.062600 -0.054332 0.075332 0.995677 -0.984700 0.000000 0.000000 0.000000 1.000000
0.997822 -0.012677 0.064742 0.009000 0.018751 0.995387 -0.094087 7.062600 -0.063251 0.095096 0.993457 -0.984700 0.000000 0.000000 0.000000 1.000000
0.997321 -0.011573 0.072229 0.009000 0.018416 0.995325 -0.094809 7.062600 -0.070795 0.095885 0.992872 -0.984700 0.000000 0.000000 0.000000 1.000000
0.997122 -0.009705 0.075185 0.009000 0.016736 0.995482 -0.093459 7.062600 -0.073938 0.094449 0.992780 -0.984700 0.000000 0.000000 0.000000 1.000000
0.997261 -0.007989 0.073530 0.009000 0.014912 0.995452 -0.094090 7.062600 -0.072444 0.094929 0.992845 -0.984700 0.000000 0.000000 0.000000 1.000000
0.997529 -0.005111 0.070075 0.009000 0.011599 0.995645 -0.092503 7.062600 -0.069297 0.093087 0.993244 -0.984700 0.000000 0.000000 0.000000 1.000000
0.997743 -0.000563 0.067139 0.009000 0.006590 0.995958 -0.089579 7.062600 -0.066818 0.089819 0.993714 -0.984700 0.000000 0.000000 0.000000 1.000000
0.997905 0.004551 0.064534 0.009000 0.001130 0.996145 -0.087715 7.062600 -0.064685 0.087604 0.994053 -0.984700 0.000000 0.000000 0.000000 1.000000
0.998127 0.007435 0.060726 0.009000 -0.002055 0.996102 -0.088184 7.062600 -0.061145 0.087894 0.994251 -0.984700 0.000000 0.000000 0.000000 1.000000
0.998354 0.007518 0.056856 0.009000 -0.002142 0.995568 -0.094024 7.062600 -0.057311 0.093748 0.993945 -0.984700 0.000000 0.000000 0.000000 1.000000
0.998403 0.009122 0.055749 0.009000 -0.003453 0.994886 -0.100945 7.062600 -0.056385 0.100591 0.993329 -0.984700 0.000000 0.000000 0.000000 1.000000
0.998430 0.008936 0.055288 0.009000 -0.003556 0.995311 -0.096658 7.062600 -0.055892 0.096310 0.993781 -0.984700 0.000000 0.000000 0.000000 1.000000
0.999016 -0.004518 0.044120 0.009000 0.009255 0.994134 -0.107763 7.062600 -0.043374 0.108065 0.993197 -0.984700 0.000000 0.000000 0.000000 1.000000
0.999509 -0.028149 0.013797 0.009000 0.030110 0.984522 -0.172655 7.062600 -0.008723 0.172985 0.984886 -0.984700 0.000000 0.000000 0.000000 1.000000
0.999431 -0.032459 -0.009222 0.009000 0.029387 0.971578 -0.234889 7.062600 0.016584 0.234484 0.971979 -0.984700 0.000000 0.000000 0.000000 1.000000
0.999723 -0.021766 -0.008947 0.009000 0.018982 0.970559 -0.240113 7.062600 0.013910 0.239877 0.970704 -0.984700 0.000000 0.000000 0.000000 1.000000
0.999917 -0.011864 -0.004954 0.009000 0.010484 0.975467 -0.219896 7.062600 0.007442 0.219826 0.975511 -0.984700 0.000000 0.000000 0.000000 1.000000
0.999936 -0.011213 -0.001692 0.009000 0.010631 0.978865 -0.204232 7.062600 0.003946 0.204201 0.978921 -0.984700 0.000000 0.000000 0.000000 1.000000
0.999860 -0.016429 0.003103 0.009000 0.016719 0.981789 -0.189237 7.062600 0.000062 0.189262 0.981927 -0.984700 0.000000 0.000000 0.000000 1.000000
0.999858 -0.016313 0.004311 0.009000 0.016812 0.984901 -0.172301 7.062600 -0.001435 0.172349 0.985035 -0.984700 0.000000 0.000000 0.000000 1.000000
0.999939 -0.010391 0.003750 0.009000 0.010843 0.988152 -0.153094 7.062600 -0.002115 0.153126 0.988204 -0.984700 0.000000 0.000000 0.000000 1.000000
0.999974 -0.005840 0.004312 0.009000 0.006351 0.991495 -0.129987 7.062600 -0.003516 0.130011 0.991506 -0.984700 0.000000 0.000000 0.000000 1.000000
0.999971 -0.006304 0.004269 0.009000 0.006725 0.994224 -0.107119 7.062600 -0.003569 0.107144 0.994237 -0.984700 0.000000 0.000000 0.000000 1.000000
0.999941 -0.010828 0.000876 0.009000 0.010863 0.995924 -0.089541 7.062600 0.000097 0.089545 0.995983 -0.984700 0.000000 0.000000 0.000000 1.000000
0.999832 -0.017040 -0.006714 0.009000 0.016462 0.996793 -0.078318 7.062600 0.008027 0.078194 0.996906 -0.984700 0.000000 0.000000 0.000000 1.000000
0.999646 -0.022647 -0.013989 0.009000 0.021573 0.997126 -0.072619 7.062600 0.015594 0.072291 0.997262 -0.984700 0.000000 0.000000 0.000000 1.000000
0.999572 -0.025836 -0.013735 0.009000 0.024808 0.997211 -0.070385 7.062600 0.015515 0.070015 0.997425 -0.984700 0.000000 0.000000 0.000000 1.000000
0.999655 -0.025398 -0.006709 0.009000 0.024881 0.997357 -0.068257 7.062600 0.008425 0.068067 0.997645 -0.984700 0.000000 0.000000 0.000000 1.000000
0.999762 -0.021784 0.000671 0.009000 0.021782 0.997661 -0.064800 7.062600 0.000742 0.064800 0.997898 -0.984700 0.000000 0.000000 0.000000 1.000000
0.999818 -0.018446 0.004927 0.009000 0.018713 0.997947 -0.061254 7.062600 -0.003787 0.061335 0.998110 -0.984700 0.000000 0.000000 0.000000 1.000000
0.999813 -0.018052 0.006949 0.009000 0.018431 0.998078 -0.059170 7.062600 -0.005868 0.059287 0.998224 -0.984700 0.000000 0.000000 0.000000 1.000000
0.999784 -0.019283 0.007762 0.009000 0.019705 0.998089 -0.058566 7.062600 -0.006618 0.058707 0.998253 -0.984700 0.000000 0.000000 0.000000 1.000000
0.999767 -0.020193 0.007591 0.009000 0.020601 0.998092 -0.058206 7.062600 -0.006402 0.058349 0.998276 -0.984700 0.000000 0.000000 0.000000 1.000000
0.999774 -0.020198 0.006610 0.009000 0.020542 0.998168 -0.056910 7.062600 -0.005449 0.057033 0.998357 -0.984700 0.000000 0.000000 0.000000 1.000000
0.999794 -0.019707 0.004927 0.009000 0.019948 0.998299 -0.054791 7.062600 -0.003839 0.054878 0.998486 -0.984700 0.000000 0.000000 0.000000 1.000000
0.999804 -0.019546 0.003051 0.009000 0.019679 0.998439 -0.052268 7.062600 -0.002025 0.052318 0.998628 -0.984700 0.000000 0.000000 0.000000 1.000000
0.999801 -0.019885 0.001329 0.009000 0.019926 0.998548 -0.050053 7.062600 -0.000331 0.050070 0.998746 -0.984700 0.000000 0.000000 0.000000 1.000000
0.999801 -0.019938 -0.000191 0.009000 0.019905 0.998592 -0.049176 7.062600 0.001171 0.049162 0.998790 -0.984700 0.000000 0.000000 0.000000 1.000000
0.999809 -0.019497 -0.001290 0.009000 0.019409 0.998583 -0.049559 7.062600 0.002254 0.049524 0.998770 -0.984700 0.000000 0.000000 0.000000 1.000000</float_array><technique_common><accessor source="#Spine-Matrix-animation-output-transform-array" count="67" stride="16"><param type="float4x4"/></accessor></technique_common></source><source id="Spine-Interpolations"><Name_array id="Spine-Interpolations-array" count="67">
 LINEAR LINEAR LINEAR LINEAR LINEAR LINEAR LINEAR LINEAR LINEAR LINEAR LINEAR
LINEAR LINEAR LINEAR LINEAR LINEAR LINEAR LINEAR LINEAR LINEAR LINEAR LINEAR LINEAR
LINEAR LINEAR LINEAR LINEAR LINEAR LINEAR LINEAR LINEAR LINEAR LINEAR LINEAR LINEAR
LINEAR LINEAR LINEAR LINEAR LINEAR LINEAR LINEAR LINEAR LINEAR LINEAR LINEAR LINEAR
LINEAR LINEAR LINEAR LINEAR LINEAR LINEAR LINEAR LINEAR LINEAR LINEAR LINEAR LINEAR
LINEAR LINEAR LINEAR LINEAR LINEAR LINEAR LINEAR LINEAR</Name_array><technique_common><accessor source="#Spine-Interpolations-array" count="67"><param type="name"/></accessor></technique_common></source><sampler id="Spine-Matrix-animation-transform"><input semantic="INPUT" source="#Spine-Matrix-animation-input"/><input semantic="OUTPUT" source="#Spine-Matrix-animation-output-transform"/><input semantic="INTERPOLATION" source="#Spine-Interpolations"/></sampler><channel source="#Spine-Matrix-animation-transform" target="Spine/matrix"/></animation>
    <animation id="Spine1-anim" name="Spine1"><source id="Spine1-Matrix-animation-input"><float_array id="Spine1-Matrix-animation-input-array" count="67">

0.000000 0.033333 0.066667 0.100000 0.133333 0.166667 0.200000 0.233333 0.266667 0.300000 0.333333 0.366667 0.400000 0.433333 0.466667 0.500000
0.533333 0.566667 0.600000 0.633333 0.666667 0.700000 0.733333 0.766667 0.800000 0.833333 0.866667 0.900000 0.933333 0.966667 1.000000 1.033333
1.066667 1.100000 1.133333 1.166667 1.200000 1.233333 1.266667 1.300000 1.333333 1.366667 1.400000 1.433333 1.466667 1.500000 1.533333 1.566667
1.600000 1.633333 1.666667 1.700000 1.733333 1.766667 1.800000 1.833333 1.866667 1.900000 1.933333 1.966667 2.000000 2.033333 2.066667 2.100000
2.133333 2.166667 2.200000</float_array><technique_common><accessor source="#Spine1-Matrix-animation-input-array" count="67"><param name="TIME" type="float"/></accessor></technique_common></source><source id="Spine1-Matrix-animation-output-transform"><float_array id="Spine1-Matrix-animation-output-transform-array" count="1072">

0.999994 -0.003305 -0.000641 0.012400 0.003299 0.999950 -0.009407 8.239700 0.000672 0.009405 0.999956 -1.148800 0.000000 0.000000 0.000000 1.000000
0.999995 -0.003016 -0.000954 0.012400 0.003006 0.999941 -0.010454 8.239700 0.000986 0.010451 0.999945 -1.148800 0.000000 0.000000 0.000000 1.000000
0.999996 -0.002733 -0.001176 0.012400 0.002718 0.999916 -0.012664 8.239700 0.001210 0.012661 0.999919 -1.148800 0.000000 0.000000 0.000000 1.000000
0.999996 -0.002455 -0.001303 0.012400 0.002434 0.999869 -0.015981 8.239700 0.001342 0.015978 0.999871 -1.148800 0.000000 0.000000 0.000000 1.000000
0.999997 -0.002216 -0.001231 0.012400 0.002192 0.999802 -0.019771 8.239700 0.001274 0.019768 0.999804 -1.148800 0.000000 0.000000 0.000000 1.000000
0.999997 -0.002138 -0.001057 0.012400 0.002112 0.999713 -0.023880 8.239700 0.001108 0.023877 0.999714 -1.148800 0.000000 0.000000 0.000000 1.000000
0.999997 -0.002225 -0.000722 0.012400 0.002204 0.999592 -0.028475 8.239700 0.000785 0.028473 0.999594 -1.148800 0.000000 0.000000 0.000000 1.000000
0.999997 -0.002341 -0.000026 0.012400 0.002339 0.999428 -0.033742 8.239700 0.000105 0.033742 0.999431 -1.148800 0.000000 0.000000 0.000000 1.000000
0.999997 -0.002451 0.000807 0.012400 0.002481 0.999213 -0.039595 8.239700 -0.000709 0.039597 0.999215 -1.148800 0.000000 0.000000 0.000000 1.000000
0.999996 -0.002518 0.001500 0.012400 0.002584 0.998937 -0.046021 8.239700 -0.001383 0.046025 0.998939 -1.148800 0.000000 0.000000 0.000000 1.000000
0.999995 -0.002300 0.002076 0.012400 0.002408 0.998580 -0.053218 8.239700 -0.001950 0.053223 0.998581 -1.148800 0.000000 0.000000 0.000000 1.000000
0.999997 -0.001307 0.002106 0.012400 0.001433 0.998120 -0.061272 8.239700 -0.002022 0.061275 0.998119 -1.148800 0.000000 0.000000 0.000000 1.000000
1.000000 0.000044 0.000618 0.012400 -0.000000 0.997513 -0.070482 8.239700 -0.000620 0.070482 0.997513 -1.148800 0.000000 0.000000 0.000000 1.000000
0.999997 -0.000818 -0.002233 0.012400 0.000634 0.996678 -0.081435 8.239700 0.002292 0.081433 0.996676 -1.148800 0.000000 0.000000 0.000000 1.000000
0.999979 -0.005235 -0.003736 0.012400 0.004864 0.995649 -0.093059 8.239700 0.004207 0.093039 0.995654 -1.148800 0.000000 0.000000 0.000000 1.000000
0.999950 -0.009672 -0.002602 0.012400 0.009351 0.994593 -0.103424 8.239700 0.003588 0.103395 0.994634 -1.148800 0.000000 0.000000 0.000000 1.000000
0.999934 -0.011507 -0.000681 0.012400 0.011355 0.993466 -0.113560 8.239700 0.001983 0.113545 0.993531 -1.148800 0.000000 0.000000 0.000000 1.000000
0.999938 -0.011147 0.000718 0.012400 0.011151 0.992312 -0.123256 8.239700 0.000662 0.123257 0.992375 -1.148800 0.000000 0.000000 0.000000 1.000000
0.999945 -0.010308 0.002012 0.012400 0.010480 0.991713 -0.128046 8.239700 -0.000676 0.128060 0.991766 -1.148800 0.000000 0.000000 0.000000 1.000000
0.999931 -0.011307 0.003097 0.012400 0.011608 0.991919 -0.126343 8.239700 -0.001644 0.126370 0.991982 -1.148800 0.000000 0.000000 0.000000 1.000000
0.999912 -0.013215 0.001512 0.012400 0.013301 0.992711 -0.119779 8.239700 0.000082 0.119789 0.992799 -1.148800 0.000000 0.000000 0.000000 1.000000
0.999926 -0.011733 -0.003084 0.012400 0.011341 0.994324 -0.105784 8.239700 0.004307 0.105741 0.994384 -1.148800 0.000000 0.000000 0.000000 1.000000
0.999964 -0.007641 -0.003614 0.012400 0.007312 0.996484 -0.083464 8.239700 0.004239 0.083435 0.996504 -1.148800 0.000000 0.000000 0.000000 1.000000
0.999987 -0.005032 0.001082 0.012400 0.005087 0.998256 -0.058806 8.239700 -0.000784 0.058810 0.998269 -1.148800 0.000000 0.000000 0.000000 1.000000
0.999982 -0.004236 0.004206 0.012400 0.004393 0.999269 -0.037966 8.239700 -0.004042 0.037983 0.999270 -1.148800 0.000000 0.000000 0.000000 1.000000
0.999957 -0.005311 0.007546 0.012400 0.005474 0.999748 -0.021773 8.239700 -0.007428 0.021814 0.999734 -1.148800 0.000000 0.000000 0.000000 1.000000
0.999880 -0.007404 0.013614 0.012400 0.007569 0.999899 -0.012053 8.239700 -0.013524 0.012155 0.999835 -1.148800 0.000000 0.000000 0.000000 1.000000
0.999791 -0.007707 0.018944 0.012400 0.008030 0.999823 -0.017037 8.239700 -0.018809 0.017186 0.999675 -1.148800 0.000000 0.000000 0.000000 1.000000
0.999709 -0.006982 0.023079 0.012400 0.007692 0.999495 -0.030825 8.239700 -0.022852 0.030994 0.999258 -1.148800 0.000000 0.000000 0.000000 1.000000
0.999609 -0.007280 0.026991 0.012400 0.008303 0.999243 -0.037999 8.239700 -0.026694 0.038208 0.998913 -1.148800 0.000000 0.000000 0.000000 1.000000
0.999511 -0.007949 0.030230 0.012400 0.009072 0.999266 -0.037222 8.239700 -0.029912 0.037478 0.998850 -1.148800 0.000000 0.000000 0.000000 1.000000
0.999469 -0.008093 0.031552 0.012400 0.009223 0.999315 -0.035853 8.239700 -0.031240 0.036125 0.998859 -1.148800 0.000000 0.000000 0.000000 1.000000
0.999490 -0.007967 0.030913 0.012400 0.009061 0.999333 -0.035385 8.239700 -0.030610 0.035647 0.998896 -1.148800 0.000000 0.000000 0.000000 1.000000
0.999534 -0.007604 0.029550 0.012400 0.008613 0.999379 -0.034171 8.239700 -0.029272 0.034410 0.998979 -1.148800 0.000000 0.000000 0.000000 1.000000
0.999574 -0.006639 0.028426 0.012400 0.007564 0.999440 -0.032584 8.239700 -0.028194 0.032785 0.999065 -1.148800 0.000000 0.000000 0.000000 1.000000
0.999612 -0.004993 0.027413 0.012400 0.005850 0.999493 -0.031287 8.239700 -0.027243 0.031435 0.999134 -1.148800 0.000000 0.000000 0.000000 1.000000
0.999660 -0.003559 0.025843 0.012400 0.004353 0.999518 -0.030729 8.239700 -0.025721 0.030831 0.999194 -1.148800 0.000000 0.000000 0.000000 1.000000
0.999703 -0.002801 0.024208 0.012400 0.003579 0.999476 -0.032174 8.239700 -0.024105 0.032251 0.999189 -1.148800 0.000000 0.000000 0.000000 1.000000
0.999718 -0.001327 0.023716 0.012400 0.002135 0.999417 -0.034069 8.239700 -0.023657 0.034110 0.999138 -1.148800 0.000000 0.000000 0.000000 1.000000
0.999724 -0.001080 0.023480 0.012400 0.001838 0.999477 -0.032298 8.239700 -0.023433 0.032332 0.999202 -1.148800 0.000000 0.000000 0.000000 1.000000
0.999799 -0.006884 0.018846 0.012400 0.007598 0.999245 -0.038090 8.239700 -0.018569 0.038225 0.999097 -1.148800 0.000000 0.000000 0.000000 1.000000
0.999893 -0.013537 0.005619 0.012400 0.013874 0.997782 -0.065108 8.239700 -0.004725 0.065179 0.997862 -1.148800 0.000000 0.000000 0.000000 1.000000
0.999898 -0.013550 -0.004483 0.012400 0.013092 0.995855 -0.090010 8.239700 0.005684 0.089942 0.995931 -1.148800 0.000000 0.000000 0.000000 1.000000
0.999947 -0.009493 -0.004018 0.012400 0.009084 0.995734 -0.091820 8.239700 0.004873 0.091778 0.995768 -1.148800 0.000000 0.000000 0.000000 1.000000
0.999980 -0.006045 -0.001933 0.012400 0.005862 0.996474 -0.083698 8.239700 0.002432 0.083685 0.996489 -1.148800 0.000000 0.000000 0.000000 1.000000
0.999984 -0.005549 -0.000585 0.012400 0.005487 0.996999 -0.077220 8.239700 0.001011 0.077215 0.997014 -1.148800 0.000000 0.000000 0.000000 1.000000
0.999975 -0.007020 0.001198 0.012400 0.007086 0.997491 -0.070437 8.239700 -0.000701 0.070444 0.997516 -1.148800 0.000000 0.000000 0.000000 1.000000
0.999976 -0.006735 0.001678 0.012400 0.006827 0.998018 -0.062560 8.239700 -0.001253 0.062570 0.998040 -1.148800 0.000000 0.000000 0.000000 1.000000
0.999989 -0.004502 0.001558 0.012400 0.004580 0.998546 -0.053708 8.239700 -0.001314 0.053715 0.998555 -1.148800 0.000000 0.000000 0.000000 1.000000
0.999994 -0.002897 0.001842 0.012400 0.002975 0.999046 -0.043562 8.239700 -0.001714 0.043567 0.999049 -1.148800 0.000000 0.000000 0.000000 1.000000
0.999993 -0.003168 0.001789 0.012400 0.003227 0.999415 -0.034060 8.239700 -0.001680 0.034066 0.999418 -1.148800 0.000000 0.000000 0.000000 1.000000
0.999988 -0.004869 0.000317 0.012400 0.004876 0.999615 -0.027297 8.239700 -0.000184 0.027299 0.999627 -1.148800 0.000000 0.000000 0.000000 1.000000
0.999972 -0.006904 -0.002904 0.012400 0.006834 0.999703 -0.023388 8.239700 0.003064 0.023368 0.999722 -1.148800 0.000000 0.000000 0.000000 1.000000
0.999947 -0.008332 -0.005987 0.012400 0.008202 0.999739 -0.021303 8.239700 0.006163 0.021253 0.999755 -1.148800 0.000000 0.000000 0.000000 1.000000
0.999944 -0.008769 -0.005913 0.012400 0.008649 0.999762 -0.020006 8.239700 0.006087 0.019954 0.999782 -1.148800 0.000000 0.000000 0.000000 1.000000
0.999961 -0.008306 -0.002976 0.012400 0.008249 0.999791 -0.018717 8.239700 0.003131 0.018692 0.999820 -1.148800 0.000000 0.000000 0.000000 1.000000
0.999974 -0.007162 0.000137 0.012400 0.007163 0.999827 -0.017140 8.239700 -0.000014 0.017141 0.999853 -1.148800 0.000000 0.000000 0.000000 1.000000
0.999979 -0.006166 0.001946 0.012400 0.006195 0.999859 -0.015638 8.239700 -0.001849 0.015650 0.999876 -1.148800 0.000000 0.000000 0.000000 1.000000
0.999978 -0.005940 0.002812 0.012400 0.005981 0.999874 -0.014689 8.239700 -0.002725 0.014705 0.999888 -1.148800 0.000000 0.000000 0.000000 1.000000
0.999977 -0.005995 0.003165 0.012400 0.006039 0.999880 -0.014254 8.239700 -0.003079 0.014272 0.999893 -1.148800 0.000000 0.000000 0.000000 1.000000
0.999979 -0.005735 0.003094 0.012400 0.005777 0.999888 -0.013818 8.239700 -0.003014 0.013836 0.999900 -1.148800 0.000000 0.000000 0.000000 1.000000
0.999984 -0.005050 0.002672 0.012400 0.005085 0.999903 -0.012979 8.239700 -0.002606 0.012992 0.999912 -1.148800 0.000000 0.000000 0.000000 1.000000
0.999989 -0.004279 0.001957 0.012400 0.004302 0.999920 -0.011900 8.239700 -0.001906 0.011908 0.999927 -1.148800 0.000000 0.000000 0.000000 1.000000
0.999992 -0.003859 0.001173 0.012400 0.003871 0.999935 -0.010744 8.239700 -0.001131 0.010748 0.999942 -1.148800 0.000000 0.000000 0.000000 1.000000
0.999993 -0.003736 0.000460 0.012400 0.003740 0.999946 -0.009737 8.239700 -0.000424 0.009739 0.999952 -1.148800 0.000000 0.000000 0.000000 1.000000
0.999994 -0.003564 -0.000174 0.012400 0.003562 0.999950 -0.009292 8.239700 0.000207 0.009292 0.999957 -1.148800 0.000000 0.000000 0.000000 1.000000
0.999994 -0.003305 -0.000641 0.012400 0.003299 0.999950 -0.009407 8.239700 0.000672 0.009405 0.999956 -1.148800 0.000000 0.000000 0.000000 1.000000</float_array><technique_common><accessor source="#Spine1-Matrix-animation-output-transform-array" count="67" stride="16"><param type="float4x4"/></accessor></technique_common></source><source id="Spine1-Interpolations"><Name_array id="Spine1-Interpolations-array" count="67">
 LINEAR LINEAR LINEAR LINEAR LINEAR LINEAR LINEAR LINEAR LINEAR LINEAR LINEAR
LINEAR LINEAR LINEAR LINEAR LINEAR LINEAR LINEAR LINEAR LINEAR LINEAR LINEAR LINEAR
LINEAR LINEAR LINEAR LINEAR LINEAR LINEAR LINEAR LINEAR LINEAR LINEAR LINEAR LINEAR
LINEAR LINEAR LINEAR LINEAR LINEAR LINEAR LINEAR LINEAR LINEAR LINEAR LINEAR LINEAR
LINEAR LINEAR LINEAR LINEAR LINEAR LINEAR LINEAR LINEAR LINEAR LINEAR LINEAR LINEAR
LINEAR LINEAR LINEAR LINEAR LINEAR LINEAR LINEAR LINEAR</Name_array><technique_common><accessor source="#Spine1-Interpolations-array" count="67"><param type="name"/></accessor></technique_common></source><sampler id="Spine1-Matrix-animation-transform"><input semantic="INPUT" source="#Spine1-Matrix-animation-input"/><input semantic="OUTPUT" source="#Spine1-Matrix-animation-output-transform"/><input semantic="INTERPOLATION" source="#Spine1-Interpolations"/></sampler><channel source="#Spine1-Matrix-animation-transform" target="Spine1/matrix"/></animation>
    <animation id="Spine2-anim" name="Spine2"><source id="Spine2-Matrix-animation-input"><float_array id="Spine2-Matrix-animation-input-array" count="67">

0.000000 0.033333 0.066667 0.100000 0.133333 0.166667 0.200000 0.233333 0.266667 0.300000 0.333333 0.366667 0.400000 0.433333 0.466667 0.500000
0.533333 0.566667 0.600000 0.633333 0.666667 0.700000 0.733333 0.766667 0.800000 0.833333 0.866667 0.900000 0.933333 0.966667 1.000000 1.033333
1.066667 1.100000 1.133333 1.166667 1.200000 1.233333 1.266667 1.300000 1.333333 1.366667 1.400000 1.433333 1.466667 1.500000 1.533333 1.566667
1.600000 1.633333 1.666667 1.700000 1.733333 1.766667 1.800000 1.833333 1.866667 1.900000 1.933333 1.966667 2.000000 2.033333 2.066667 2.100000
2.133333 2.166667 2.200000</float_array><technique_common><accessor source="#Spine2-Matrix-animation-input-array" count="67"><param name="TIME" type="float"/></accessor></technique_common></source><source id="Spine2-Matrix-animation-output-transform"><float_array id="Spine2-Matrix-animation-output-transform-array" count="1072">

0.999994 -0.003322 -0.000638 0.014200 0.003316 0.999950 -0.009398 9.416800 0.000669 0.009396 0.999956 -1.313000 0.000000 0.000000 0.000000 1.000000
0.999995 -0.003039 -0.000969 0.014200 0.003028 0.999941 -0.010446 9.416800 0.001001 0.010443 0.999945 -1.313000 0.000000 0.000000 0.000000 1.000000
0.999995 -0.002761 -0.001215 0.014200 0.002745 0.999916 -0.012655 9.416800 0.001250 0.012651 0.999919 -1.313000 0.000000 0.000000 0.000000 1.000000
0.999996 -0.002487 -0.001376 0.014200 0.002464 0.999869 -0.015971 9.416800 0.001415 0.015968 0.999872 -1.313000 0.000000 0.000000 0.000000 1.000000
0.999997 -0.002247 -0.001338 0.014200 0.002220 0.999802 -0.019762 9.416800 0.001383 0.019758 0.999804 -1.313000 0.000000 0.000000 0.000000 1.000000
0.999997 -0.002165 -0.001194 0.014200 0.002136 0.999713 -0.023871 9.416800 0.001245 0.023869 0.999714 -1.313000 0.000000 0.000000 0.000000 1.000000
0.999997 -0.002246 -0.000888 0.014200 0.002220 0.999592 -0.028469 9.416800 0.000951 0.028467 0.999594 -1.313000 0.000000 0.000000 0.000000 1.000000
0.999997 -0.002349 -0.000223 0.014200 0.002340 0.999428 -0.033741 9.416800 0.000302 0.033740 0.999431 -1.313000 0.000000 0.000000 0.000000 1.000000
0.999997 -0.002443 0.000581 0.014200 0.002464 0.999213 -0.039599 9.416800 -0.000484 0.039601 0.999215 -1.313000 0.000000 0.000000 0.000000 1.000000
0.999996 -0.002497 0.001248 0.014200 0.002552 0.998937 -0.046030 9.416800 -0.001132 0.046033 0.998939 -1.313000 0.000000 0.000000 0.000000 1.000000
0.999996 -0.002271 0.001795 0.014200 0.002363 0.998580 -0.053229 9.416800 -0.001671 0.053233 0.998581 -1.313000 0.000000 0.000000 0.000000 1.000000
