<?xml version="1.0" encoding="utf-8"?>
<COLLADA xmlns="http://www.collada.org/2005/11/COLLADASchema" version="1.4.1">
  <asset><contributor><author>Mixamo</author><authoring_tool>COLLADA Mixamo exporter</authoring_tool><comments></comments></contributor><created>2021-02-16T20:09:53Z</created><modified>2021-02-16T20:09:53Z</modified><revision></revision><title></title><unit meter="0.010000"/><up_axis>Y_UP</up_axis></asset>
  <library_animations>
    <animation id="Hips-anim" name="Hips"><source id="Hips-Matrix-animation-input"><float_array id="Hips-Matrix-animation-input-array" count="141">

0.000000 0.033333 0.066667 0.100000 0.133333 0.166667 0.200000 0.233333 0.266667 0.300000 0.333333 0.366667 0.400000 0.433333 0.466667 0.500000
0.533333 0.566667 0.600000 0.633333 0.666667 0.700000 0.733333 0.766667 0.800000 0.833333 0.866667 0.900000 0.933333 0.966667 1.000000 1.033333
1.066667 1.100000 1.133333 1.166667 1.200000 1.233333 1.266667 1.300000 1.333333 1.366667 1.400000 1.433333 1.466667 1.500000 1.533333 1.566667
1.600000 1.633333 1.666667 1.700000 1.733333 1.766667 1.800000 1.833333 1.866667 1.900000 1.933333 1.966667 2.000000 2.033333 2.066667 2.100000
2.133333 2.166667 2.200000 2.233333 2.266667 2.300000 2.333333 2.366667 2.400000 2.433333 2.466667 2.500000 2.533333 2.566667 2.600000 2.633333
2.666667 2.700000 2.733333 2.766667 2.800000 2.833333 2.866667 2.900000 2.933333 2.966667 3.000000 3.033333 3.066667 3.100000 3.133333 3.166667
3.200000 3.233333 3.266667 3.300000 3.333333 3.366667 3.400000 3.433333 3.466667 3.500000 3.533333 3.566667 3.600000 3.633333 3.666667 3.700000
3.733333 3.766667 3.800000 3.833333 3.866667 3.900000 3.933333 3.966667 4.000000 4.033333 4.066667 4.100000 4.133333 4.166667 4.200000 4.233333
4.266667 4.300000 4.333333 4.366667 4.400000 4.433333 4.466667 4.500000 4.533333 4.566667 4.600000 4.633333 4.666667</float_array><technique_common><accessor source="#Hips-Matrix-animation-input-array" count="141"><param name="TIME" type="float"/></accessor></technique_common></source><source id="Hips-Matrix-animation-output-transform"><float_array id="Hips-Matrix-animation-output-transform-array" count="2256">

0.969586 -0.239196 -0.051859 -0.021897 0.244555 0.938279 0.244594 30.785814 -0.009847 -0.249837 0.968238 0.093766 0.000000 0.000000 0.000000 1.000000
0.969708 -0.238651 -0.052077 -0.008164 0.244072 0.938127 0.245654 30.776474 -0.009770 -0.250923 0.967958 0.085397 0.000000 0.000000 0.000000 1.000000
0.969760 -0.238363 -0.052425 0.005056 0.243873 0.937979 0.246418 30.775045 -0.009563 -0.251751 0.967745 0.077744 0.000000 0.000000 0.000000 1.000000
0.969809 -0.238087 -0.052777 0.021631 0.243691 0.937937 0.246758 30.772583 -0.009248 -0.252169 0.967639 0.071996 0.000000 0.000000 0.000000 1.000000
0.969810 -0.237965 -0.053302 0.037985 0.243702 0.937856 0.247053 30.774944 -0.008801 -0.252584 0.967535 0.064774 0.000000 0.000000 0.000000 1.000000
0.969885 -0.237575 -0.053680 0.053850 0.243419 0.937890 0.247202 30.780842 -0.008383 -0.252824 0.967476 0.059055 0.000000 0.000000 0.000000 1.000000
0.969991 -0.237135 -0.053706 0.066842 0.242995 0.937827 0.247860 30.785191 -0.008410 -0.253472 0.967306 0.053221 0.000000 0.000000 0.000000 1.000000
0.970091 -0.236798 -0.053391 0.073457 0.242585 0.937811 0.248322 30.783468 -0.008732 -0.253847 0.967205 0.049792 0.000000 0.000000 0.000000 1.000000
0.970169 -0.236550 -0.053065 0.077099 0.242259 0.937787 0.248730 30.781397 -0.009074 -0.254165 0.967118 0.050965 0.000000 0.000000 0.000000 1.000000
0.970227 -0.236386 -0.052740 0.085762 0.242015 0.937780 0.248992 30.779884 -0.009400 -0.254343 0.967069 0.055701 0.000000 0.000000 0.000000 1.000000
0.970241 -0.236352 -0.052626 0.089766 0.241951 0.937736 0.249221 30.777617 -0.009555 -0.254538 0.967016 0.056560 0.000000 0.000000 0.000000 1.000000
0.970196 -0.236502 -0.052796 0.088443 0.242139 0.937683 0.249239 30.773767 -0.009440 -0.254594 0.967002 0.051597 0.000000 0.000000 0.000000 1.000000
0.970103 -0.236907 -0.052690 0.087876 0.242507 0.937686 0.248866 30.767309 -0.009551 -0.254203 0.967104 0.044254 0.000000 0.000000 0.000000 1.000000
0.969989 -0.237480 -0.052195 0.088008 0.242932 0.937492 0.249186 30.761143 -0.010244 -0.254387 0.967048 0.035477 0.000000 0.000000 0.000000 1.000000
0.969964 -0.237585 -0.052191 0.086859 0.243034 0.937497 0.249065 30.756155 -0.010245 -0.254268 0.967079 0.030541 0.000000 0.000000 0.000000 1.000000
0.969924 -0.237792 -0.051989 0.086220 0.243184 0.937473 0.249009 30.750872 -0.010474 -0.254163 0.967105 0.028394 0.000000 0.000000 0.000000 1.000000
0.970000 -0.237513 -0.051838 0.083944 0.242882 0.937717 0.248385 30.737822 -0.010386 -0.253524 0.967273 0.028694 0.000000 0.000000 0.000000 1.000000
0.970168 -0.236877 -0.051608 0.073885 0.242211 0.937940 0.248198 30.724974 -0.010388 -0.253294 0.967334 0.024953 0.000000 0.000000 0.000000 1.000000
0.970179 -0.236886 -0.051363 0.068319 0.242163 0.938090 0.247675 30.715139 -0.010488 -0.252728 0.967481 0.021836 0.000000 0.000000 0.000000 1.000000
0.970107 -0.237161 -0.051449 0.067724 0.242456 0.938144 0.247186 30.709293 -0.010356 -0.252271 0.967601 0.020632 0.000000 0.000000 0.000000 1.000000
0.970110 -0.237105 -0.051660 0.069975 0.242463 0.938353 0.246385 30.705687 -0.009944 -0.251547 0.967794 0.022906 0.000000 0.000000 0.000000 1.000000
0.970201 -0.236623 -0.052148 0.072538 0.242132 0.938758 0.245165 30.702829 -0.009057 -0.250486 0.968078 0.034009 0.000000 0.000000 0.000000 1.000000
0.970277 -0.236268 -0.052338 0.076564 0.241845 0.939098 0.244142 30.704487 -0.008533 -0.249543 0.968326 0.046369 0.000000 0.000000 0.000000 1.000000
0.970111 -0.236801 -0.053014 0.076372 0.242535 0.939066 0.243582 30.709778 -0.007896 -0.249159 0.968430 0.054664 0.000000 0.000000 0.000000 1.000000
0.969915 -0.237454 -0.053671 0.078958 0.243334 0.939001 0.243034 30.712547 -0.007313 -0.248782 0.968532 0.062197 0.000000 0.000000 0.000000 1.000000
0.969861 -0.237652 -0.053773 0.084909 0.243552 0.938994 0.242841 30.717154 -0.007219 -0.248619 0.968575 0.066424 0.000000 0.000000 0.000000 1.000000
0.969833 -0.237774 -0.053729 0.091281 0.243662 0.939032 0.242587 30.719585 -0.007228 -0.248361 0.968641 0.069103 0.000000 0.000000 0.000000 1.000000
0.969832 -0.237813 -0.053578 0.097595 0.243663 0.939065 0.242455 30.720886 -0.007346 -0.248196 0.968682 0.068624 0.000000 0.000000 0.000000 1.000000
0.969790 -0.238055 -0.053264 0.105379 0.243823 0.939133 0.242031 30.720192 -0.007594 -0.247706 0.968805 0.065591 0.000000 0.000000 0.000000 1.000000
0.969741 -0.238357 -0.052814 0.113202 0.244006 0.939176 0.241681 30.720274 -0.008005 -0.247255 0.968917 0.063985 0.000000 0.000000 0.000000 1.000000
0.969747 -0.238451 -0.052266 0.124691 0.243969 0.939367 0.240977 30.716002 -0.008365 -0.246437 0.969123 0.064554 0.000000 0.000000 0.000000 1.000000
0.969664 -0.238843 -0.052012 0.133761 0.244289 0.939374 0.240625 30.713158 -0.008613 -0.246031 0.969224 0.064461 0.000000 0.000000 0.000000 1.000000
0.969691 -0.238795 -0.051728 0.141909 0.244175 0.939467 0.240376 30.714344 -0.008804 -0.245721 0.969301 0.065647 0.000000 0.000000 0.000000 1.000000
0.969692 -0.238842 -0.051502 0.150440 0.244167 0.939526 0.240152 30.713890 -0.008971 -0.245448 0.969368 0.067721 0.000000 0.000000 0.000000 1.000000
0.969688 -0.238897 -0.051321 0.156335 0.244176 0.939513 0.240194 30.716761 -0.009165 -0.245444 0.969367 0.068066 0.000000 0.000000 0.000000 1.000000
0.969666 -0.239041 -0.051067 0.166877 0.244258 0.939632 0.239644 30.715622 -0.009301 -0.244848 0.969517 0.069982 0.000000 0.000000 0.000000 1.000000
0.969660 -0.239078 -0.050996 0.173689 0.244281 0.939758 0.239126 30.717022 -0.009246 -0.244328 0.969648 0.073122 0.000000 0.000000 0.000000 1.000000
0.969687 -0.238956 -0.051056 0.178052 0.244181 0.939862 0.238819 30.721161 -0.009081 -0.244047 0.969721 0.076858 0.000000 0.000000 0.000000 1.000000
0.969755 -0.238654 -0.051180 0.181892 0.243918 0.939924 0.238844 30.729372 -0.008895 -0.244104 0.969708 0.080306 0.000000 0.000000 0.000000 1.000000
0.969802 -0.238407 -0.051448 0.184767 0.243745 0.939988 0.238769 30.732603 -0.008563 -0.244099 0.969713 0.082640 0.000000 0.000000 0.000000 1.000000
0.969799 -0.238357 -0.051719 0.186678 0.243762 0.939965 0.238842 30.734062 -0.008316 -0.244236 0.969680 0.083878 0.000000 0.000000 0.000000 1.000000
0.969817 -0.238267 -0.051807 0.186645 0.243694 0.939920 0.239089 30.737038 -0.008273 -0.244497 0.969615 0.086659 0.000000 0.000000 0.000000 1.000000
0.969855 -0.238128 -0.051738 0.186377 0.243542 0.939924 0.239229 30.737341 -0.008337 -0.244618 0.969584 0.090155 0.000000 0.000000 0.000000 1.000000
0.969905 -0.237952 -0.051603 0.185695 0.243332 0.939824 0.239836 30.741337 -0.008572 -0.245175 0.969441 0.091838 0.000000 0.000000 0.000000 1.000000
0.969901 -0.237862 -0.052092 0.184387 0.243363 0.939735 0.240150 30.737066 -0.008170 -0.245599 0.969337 0.093553 0.000000 0.000000 0.000000 1.000000
0.969887 -0.237844 -0.052429 0.183908 0.243427 0.939695 0.240243 30.734638 -0.007873 -0.245771 0.969296 0.093175 0.000000 0.000000 0.000000 1.000000
0.969926 -0.237609 -0.052781 0.183673 0.243284 0.939650 0.240565 30.732803 -0.007565 -0.246171 0.969197 0.091164 0.000000 0.000000 0.000000 1.000000
0.969928 -0.237570 -0.052919 0.184202 0.243275 0.939511 0.241115 30.734291 -0.007564 -0.246738 0.969053 0.085540 0.000000 0.000000 0.000000 1.000000
0.969950 -0.237457 -0.053010 0.186075 0.243185 0.939424 0.241544 30.734970 -0.007557 -0.247177 0.968941 0.080283 0.000000 0.000000 0.000000 1.000000
0.970054 -0.237011 -0.053111 0.187518 0.242772 0.939353 0.242235 30.734106 -0.007523 -0.247875 0.968763 0.074301 0.000000 0.000000 0.000000 1.000000
0.970194 -0.236414 -0.053224 0.187894 0.242218 0.939350 0.242800 30.730461 -0.007405 -0.248455 0.968615 0.067003 0.000000 0.000000 0.000000 1.000000
0.970220 -0.236272 -0.053379 0.188744 0.242115 0.939261 0.243245 30.727524 -0.007335 -0.248925 0.968495 0.060125 0.000000 0.000000 0.000000 1.000000
0.970204 -0.236282 -0.053621 0.186561 0.242182 0.939110 0.243764 30.725151 -0.007241 -0.249486 0.968351 0.052625 0.000000 0.000000 0.000000 1.000000
0.970291 -0.235830 -0.054037 0.186537 0.241846 0.939106 0.244111 30.723909 -0.006822 -0.249927 0.968241 0.045956 0.000000 0.000000 0.000000 1.000000
0.970286 -0.235822 -0.054158 0.184327 0.241866 0.939026 0.244400 30.721655 -0.006779 -0.250237 0.968161 0.037138 0.000000 0.000000 0.000000 1.000000
0.970282 -0.235812 -0.054275 0.178683 0.241884 0.938944 0.244697 30.716713 -0.006741 -0.250553 0.968079 0.028601 0.000000 0.000000 0.000000 1.000000
0.970294 -0.235753 -0.054316 0.175159 0.241834 0.938880 0.244991 30.713200 -0.006761 -0.250848 0.968003 0.021531 0.000000 0.000000 0.000000 1.000000
0.970310 -0.235692 -0.054304 0.172090 0.241771 0.938865 0.245109 30.709194 -0.006786 -0.250960 0.967974 0.016870 0.000000 0.000000 0.000000 1.000000
0.970342 -0.235576 -0.054221 0.163986 0.241636 0.938822 0.245409 30.708893 -0.006909 -0.251233 0.967902 0.011040 0.000000 0.000000 0.000000 1.000000
0.970338 -0.235605 -0.054165 0.156055 0.241653 0.938874 0.245192 30.704578 -0.006915 -0.251008 0.967960 0.005641 0.000000 0.000000 0.000000 1.000000
0.970347 -0.235593 -0.054066 0.146883 0.241615 0.938882 0.245199 30.701021 -0.007005 -0.250991 0.967964 0.002624 0.000000 0.000000 0.000000 1.000000
0.970324 -0.235699 -0.054010 0.136702 0.241705 0.938894 0.245066 30.702440 -0.007052 -0.250848 0.968001 0.001298 0.000000 0.000000 0.000000 1.000000
0.970319 -0.235748 -0.053892 0.126467 0.241721 0.938812 0.245363 30.710659 -0.007249 -0.251107 0.967932 0.002063 0.000000 0.000000 0.000000 1.000000
0.970274 -0.235949 -0.053822 0.118810 0.241898 0.938780 0.245312 30.716881 -0.007354 -0.251039 0.967949 0.003560 0.000000 0.000000 0.000000 1.000000
0.970241 -0.236087 -0.053805 0.111260 0.242027 0.938728 0.245382 30.725483 -0.007423 -0.251102 0.967932 0.005908 0.000000 0.000000 0.000000 1.000000
0.970218 -0.236207 -0.053705 0.102593 0.242116 0.938649 0.245596 30.732162 -0.007601 -0.251284 0.967884 0.008244 0.000000 0.000000 0.000000 1.000000
0.970198 -0.236365 -0.053363 0.096795 0.242182 0.938585 0.245775 30.735641 -0.008007 -0.251374 0.967857 0.007251 0.000000 0.000000 0.000000 1.000000
0.970208 -0.236375 -0.053128 0.092908 0.242134 0.938646 0.245591 30.736254 -0.008183 -0.251138 0.967917 0.008825 0.000000 0.000000 0.000000 1.000000
0.970202 -0.236368 -0.053269 0.088283 0.242162 0.938632 0.245615 30.737463 -0.008056 -0.251196 0.967903 0.007999 0.000000 0.000000 0.000000 1.000000
0.970205 -0.236334 -0.053375 0.085275 0.242157 0.938661 0.245510 30.734035 -0.007922 -0.251120 0.967924 0.004400 0.000000 0.000000 0.000000 1.000000
0.970203 -0.236355 -0.053306 0.084913 0.242160 0.938675 0.245455 30.731075 -0.007978 -0.251050 0.967941 0.002749 0.000000 0.000000 0.000000 1.000000
0.970166 -0.236601 -0.052887 0.084817 0.242291 0.938587 0.245662 30.726637 -0.008485 -0.251147 0.967912 0.002234 0.000000 0.000000 0.000000 1.000000
0.970109 -0.236954 -0.052358 0.086727 0.242498 0.938480 0.245865 30.724600 -0.009122 -0.251213 0.967889 0.002805 0.000000 0.000000 0.000000 1.000000
0.970000 -0.237410 -0.052321 0.094832 0.242931 0.938394 0.245767 30.721968 -0.009250 -0.251105 0.967916 0.006255 0.000000 0.000000 0.000000 1.000000
0.969960 -0.237503 -0.052629 0.102943 0.243100 0.938427 0.245474 30.719522 -0.008912 -0.250894 0.967974 0.011091 0.000000 0.000000 0.000000 1.000000
0.969948 -0.237509 -0.052827 0.110084 0.243158 0.938485 0.245194 30.721462 -0.008659 -0.250671 0.968034 0.015969 0.000000 0.000000 0.000000 1.000000
0.969924 -0.237566 -0.053005 0.114804 0.243260 0.938501 0.245031 30.724930 -0.008466 -0.250555 0.968065 0.019025 0.000000 0.000000 0.000000 1.000000
0.969919 -0.237583 -0.053016 0.117611 0.243281 0.938541 0.244858 30.729279 -0.008417 -0.250391 0.968108 0.021910 0.000000 0.000000 0.000000 1.000000
0.969910 -0.237633 -0.052959 0.119583 0.243317 0.938588 0.244642 30.732798 -0.008428 -0.250167 0.968166 0.024130 0.000000 0.000000 0.000000 1.000000
0.969893 -0.237753 -0.052736 0.120227 0.243380 0.938634 0.244403 30.735817 -0.008607 -0.249879 0.968239 0.026804 0.000000 0.000000 0.000000 1.000000
0.969890 -0.237843 -0.052389 0.121049 0.243382 0.938686 0.244201 30.740925 -0.008904 -0.249598 0.968309 0.029850 0.000000 0.000000 0.000000 1.000000
0.969850 -0.238059 -0.052139 0.122473 0.243531 0.938716 0.243938 30.744102 -0.009128 -0.249280 0.968388 0.031350 0.000000 0.000000 0.000000 1.000000
0.969760 -0.238464 -0.051957 0.125774 0.243882 0.938748 0.243460 30.743099 -0.009282 -0.248770 0.968518 0.033751 0.000000 0.000000 0.000000 1.000000
0.969700 -0.238751 -0.051770 0.125452 0.244117 0.938776 0.243119 30.743908 -0.009444 -0.248391 0.968614 0.035759 0.000000 0.000000 0.000000 1.000000
0.969721 -0.238681 -0.051700 0.121264 0.244031 0.938779 0.243194 30.747503 -0.009511 -0.248447 0.968599 0.036632 0.000000 0.000000 0.000000 1.000000
0.969747 -0.238571 -0.051720 0.118204 0.243928 0.938789 0.243257 30.752539 -0.009479 -0.248513 0.968582 0.039816 0.000000 0.000000 0.000000 1.000000
0.969706 -0.238700 -0.051894 0.115030 0.244100 0.938827 0.242937 30.755066 -0.009269 -0.248245 0.968653 0.041890 0.000000 0.000000 0.000000 1.000000
0.969689 -0.238743 -0.052005 0.110791 0.244169 0.938806 0.242950 30.759218 -0.009180 -0.248284 0.968644 0.042954 0.000000 0.000000 0.000000 1.000000
0.969735 -0.238591 -0.051851 0.108424 0.243982 0.938808 0.243131 30.761391 -0.009330 -0.248423 0.968607 0.042086 0.000000 0.000000 0.000000 1.000000
0.969707 -0.238694 -0.051908 0.105936 0.244099 0.938866 0.242790 30.757885 -0.009217 -0.248105 0.968689 0.042454 0.000000 0.000000 0.000000 1.000000
0.969739 -0.238595 -0.051753 0.101546 0.243964 0.938886 0.242846 30.756603 -0.009351 -0.248123 0.968683 0.042607 0.000000 0.000000 0.000000 1.000000
0.969732 -0.238687 -0.051459 0.102412 0.243982 0.938907 0.242749 30.752882 -0.009626 -0.247957 0.968723 0.039770 0.000000 0.000000 0.000000 1.000000
0.969606 -0.239334 -0.050831 0.106508 0.244458 0.938924 0.242201 30.745689 -0.010240 -0.247266 0.968894 0.039077 0.000000 0.000000 0.000000 1.000000
0.969484 -0.239893 -0.050522 0.109842 0.244936 0.939109 0.240999 30.734856 -0.010369 -0.246019 0.969209 0.040980 0.000000 0.000000 0.000000 1.000000
0.969478 -0.239930 -0.050467 0.108966 0.244966 0.939285 0.240283 30.730129 -0.010248 -0.245312 0.969390 0.043893 0.000000 0.000000 0.000000 1.000000
0.969568 -0.239503 -0.050758 0.099762 0.244624 0.939392 0.240211 30.732561 -0.009850 -0.245317 0.969393 0.046174 0.000000 0.000000 0.000000 1.000000
0.969769 -0.238596 -0.051192 0.087839 0.243848 0.939484 0.240641 30.736757 -0.009322 -0.245850 0.969263 0.050954 0.000000 0.000000 0.000000 1.000000
0.969900 -0.238058 -0.051212 0.081446 0.243334 0.939673 0.240423 30.739960 -0.009112 -0.245647 0.969316 0.058008 0.000000 0.000000 0.000000 1.000000
0.969831 -0.238363 -0.051093 0.073765 0.243609 0.939826 0.239547 30.741865 -0.009081 -0.244767 0.969539 0.063722 0.000000 0.000000 0.000000 1.000000
0.969711 -0.238787 -0.051389 0.064445 0.244098 0.939876 0.238850 30.746851 -0.008735 -0.244159 0.969696 0.069502 0.000000 0.000000 0.000000 1.000000
0.969583 -0.239149 -0.052112 0.048525 0.244625 0.939739 0.238850 30.753464 -0.008149 -0.244333 0.969657 0.077456 0.000000 0.000000 0.000000 1.000000
0.969479 -0.239468 -0.052580 0.036467 0.245051 0.939706 0.238543 30.754259 -0.007714 -0.244147 0.969708 0.083489 0.000000 0.000000 0.000000 1.000000
0.969494 -0.239385 -0.052692 0.032584 0.245000 0.939796 0.238239 30.755617 -0.007511 -0.243881 0.969776 0.090234 0.000000 0.000000 0.000000 1.000000
0.969618 -0.238904 -0.052588 0.028935 0.244506 0.939825 0.238633 30.762522 -0.007587 -0.244241 0.969685 0.098122 0.000000 0.000000 0.000000 1.000000
0.969758 -0.238372 -0.052430 0.025173 0.243948 0.939845 0.239127 30.770222 -0.007725 -0.244685 0.969572 0.106809 0.000000 0.000000 0.000000 1.000000
0.969828 -0.238099 -0.052372 0.024436 0.243670 0.939933 0.239062 30.769737 -0.007695 -0.244610 0.969591 0.115171 0.000000 0.000000 0.000000 1.000000
0.969857 -0.238001 -0.052287 0.025629 0.243556 0.940041 0.238752 30.770117 -0.007671 -0.244290 0.969672 0.120864 0.000000 0.000000 0.000000 1.000000
0.969856 -0.238006 -0.052272 0.027703 0.243560 0.940155 0.238300 30.767517 -0.007573 -0.243848 0.969784 0.125829 0.000000 0.000000 0.000000 1.000000
0.969848 -0.238040 -0.052259 0.028308 0.243595 0.940281 0.237766 30.765568 -0.007460 -0.243327 0.969916 0.133625 0.000000 0.000000 0.000000 1.000000
0.969822 -0.238167 -0.052167 0.032508 0.243704 0.940532 0.236660 30.764019 -0.007299 -0.242232 0.970191 0.140744 0.000000 0.000000 0.000000 1.000000
0.969760 -0.238408 -0.052216 0.036239 0.243958 0.940732 0.235603 30.764107 -0.007048 -0.241217 0.970446 0.147542 0.000000 0.000000 0.000000 1.000000
0.969711 -0.238655 -0.052002 0.038214 0.244152 0.940895 0.234746 30.766506 -0.007095 -0.240332 0.970665 0.153394 0.000000 0.000000 0.000000 1.000000
0.969622 -0.239185 -0.051225 0.037487 0.244481 0.940865 0.234526 30.772224 -0.007900 -0.239925 0.970759 0.159102 0.000000 0.000000 0.000000 1.000000
0.969531 -0.239727 -0.050397 0.034968 0.244809 0.940787 0.234497 30.776260 -0.008802 -0.239690 0.970810 0.160938 0.000000 0.000000 0.000000 1.000000
0.969500 -0.239968 -0.049847 0.030289 0.244912 0.940793 0.234365 30.779572 -0.009344 -0.239425 0.970870 0.160918 0.000000 0.000000 0.000000 1.000000
0.969441 -0.240247 -0.049656 0.022055 0.245138 0.940735 0.234360 30.783133 -0.009591 -0.239370 0.970881 0.159178 0.000000 0.000000 0.000000 1.000000
0.969365 -0.240540 -0.049726 0.011642 0.245432 0.940484 0.235059 30.787106 -0.009775 -0.240062 0.970708 0.152443 0.000000 0.000000 0.000000 1.000000
0.969303 -0.240784 -0.049753 0.006056 0.245671 0.940324 0.235448 30.791082 -0.009908 -0.240444 0.970613 0.147417 0.000000 0.000000 0.000000 1.000000
0.969238 -0.240992 -0.050002 0.000057 0.245929 0.940175 0.235775 30.794323 -0.009810 -0.240819 0.970520 0.142998 0.000000 0.000000 0.000000 1.000000
0.969211 -0.241052 -0.050235 -0.004611 0.246040 0.940044 0.236183 30.796385 -0.009710 -0.241271 0.970409 0.140447 0.000000 0.000000 0.000000 1.000000
0.969212 -0.241049 -0.050235 -0.005677 0.246037 0.940058 0.236128 30.798599 -0.009694 -0.241218 0.970422 0.140567 0.000000 0.000000 0.000000 1.000000
0.969184 -0.241177 -0.050163 -0.005981 0.246144 0.940059 0.236011 30.803371 -0.009764 -0.241086 0.970455 0.142967 0.000000 0.000000 0.000000 1.000000
0.969144 -0.241356 -0.050064 -0.005172 0.246295 0.940034 0.235956 30.808235 -0.009888 -0.241006 0.970473 0.144401 0.000000 0.000000 0.000000 1.000000
0.969090 -0.241604 -0.049929 -0.002026 0.246502 0.939947 0.236086 30.814705 -0.010109 -0.241096 0.970449 0.147842 0.000000 0.000000 0.000000 1.000000
0.969033 -0.241857 -0.049798 -0.002636 0.246710 0.939753 0.236641 30.820499 -0.010436 -0.241599 0.970320 0.148245 0.000000 0.000000 0.000000 1.000000
0.968956 -0.242164 -0.049812 -0.006401 0.246999 0.939412 0.237689 30.825565 -0.010766 -0.242614 0.970063 0.144877 0.000000 0.000000 0.000000 1.000000
0.968854 -0.242457 -0.050370 -0.017283 0.247403 0.938928 0.239178 30.831495 -0.010696 -0.244190 0.969668 0.142131 0.000000 0.000000 0.000000 1.000000
0.968808 -0.242506 -0.051007 -0.027329 0.247593 0.938567 0.240396 30.834713 -0.010424 -0.245527 0.969334 0.138327 0.000000 0.000000 0.000000 1.000000
0.968828 -0.242340 -0.051408 -0.030657 0.247525 0.938460 0.240883 30.834997 -0.010132 -0.246099 0.969192 0.135202 0.000000 0.000000 0.000000 1.000000
0.968880 -0.242089 -0.051627 -0.031637 0.247333 0.938442 0.241148 30.833172 -0.009931 -0.246413 0.969114 0.133047 0.000000 0.000000 0.000000 1.000000
0.968937 -0.241819 -0.051812 -0.032625 0.247117 0.938491 0.241179 30.829264 -0.009696 -0.246491 0.969097 0.132405 0.000000 0.000000 0.000000 1.000000
0.969088 -0.241093 -0.052368 -0.035627 0.246554 0.938716 0.240882 30.820915 -0.008917 -0.246347 0.969141 0.136765 0.000000 0.000000 0.000000 1.000000
0.969268 -0.240242 -0.052941 -0.034117 0.245873 0.938961 0.240622 30.814590 -0.008098 -0.246244 0.969174 0.141858 0.000000 0.000000 0.000000 1.000000
0.969458 -0.239426 -0.053166 -0.029948 0.245138 0.939165 0.240575 30.809692 -0.007668 -0.246260 0.969173 0.143743 0.000000 0.000000 0.000000 1.000000
0.969537 -0.239154 -0.052953 -0.028150 0.244816 0.939045 0.241369 30.805872 -0.007999 -0.246980 0.968988 0.137942 0.000000 0.000000 0.000000 1.000000
0.969521 -0.239321 -0.052473 -0.027807 0.244853 0.938857 0.242065 30.802143 -0.008666 -0.247535 0.968840 0.130614 0.000000 0.000000 0.000000 1.000000
0.969514 -0.239448 -0.052039 -0.025572 0.244861 0.938652 0.242848 30.800447 -0.009303 -0.248187 0.968668 0.124659 0.000000 0.000000 0.000000 1.000000
0.969548 -0.239357 -0.051821 -0.022805 0.244714 0.938567 0.243323 30.795120 -0.009604 -0.248595 0.968560 0.116353 0.000000 0.000000 0.000000 1.000000
0.969559 -0.239303 -0.051866 -0.021372 0.244668 0.938460 0.243782 30.791662 -0.009663 -0.249051 0.968442 0.109727 0.000000 0.000000 0.000000 1.000000
0.969581 -0.239227 -0.051801 -0.021740 0.244575 0.938404 0.244091 30.787964 -0.009783 -0.249335 0.968368 0.103062 0.000000 0.000000 0.000000 1.000000
0.969586 -0.239196 -0.051859 -0.021897 0.244555 0.938279 0.244594 30.785814 -0.009847 -0.249837 0.968238 0.093766 0.000000 0.000000 0.000000 1.000000</float_array><technique_common><accessor source="#Hips-Matrix-animation-output-transform-array" count="141" stride="16"><param type="float4x4"/></accessor></technique_common></source><source id="Hips-Interpolations"><Name_array id="Hips-Interpolations-array" count="141">
 LINEAR LINEAR LINEAR LINEAR LINEAR LINEAR LINEAR LINEAR LINEAR LINEAR LINEAR
LINEAR LINEAR LINEAR LINEAR LINEAR LINEAR LINEAR LINEAR LINEAR LINEAR LINEAR LINEAR
LINEAR LINEAR LINEAR LINEAR LINEAR LINEAR LINEAR LINEAR LINEAR LINEAR LINEAR LINEAR
LINEAR LINEAR LINEAR LINEAR LINEAR LINEAR LINEAR LINEAR LINEAR LINEAR LINEAR LINEAR
LINEAR LINEAR LINEAR LINEAR LINEAR LINEAR LINEAR LINEAR LINEAR LINEAR LINEAR LINEAR
LINEAR LINEAR LINEAR LINEAR LINEAR LINEAR LINEAR LINEAR LINEAR LINEAR LINEAR LINEAR
LINEAR LINEAR LINEAR LINEAR LINEAR LINEAR LINEAR LINEAR LINEAR LINEAR LINEAR LINEAR
LINEAR LINEAR LINEAR LINEAR LINEAR LINEAR LINEAR LINEAR LINEAR LINEAR LINEAR LINEAR
LINEAR LINEAR LINEAR LINEAR LINEAR LINEAR LINEAR LINEAR LINEAR LINEAR LINEAR LINEAR
LINEAR LINEAR LINEAR LINEAR LINEAR LINEAR LINEAR LINEAR LINEAR LINEAR LINEAR LINEAR
LINEAR LINEAR LINEAR LINEAR LINEAR LINEAR LINEAR LINEAR LINEAR LINEAR LINEAR LINEAR
LINEAR LINEAR LINEAR LINEAR LINEAR LINEAR LINEAR LINEAR LINEAR LINEAR</Name_array><technique_common><accessor source="#Hips-Interpolations-array" count="141"><param type="name"/></accessor></technique_common></source><sampler id="Hips-Matrix-animation-transform"><input semantic="INPUT" source="#Hips-Matrix-animation-input"/><input semantic="OUTPUT" source="#Hips-Matrix-animation-output-transform"/><input semantic="INTERPOLATION" source="#Hips-Interpolations"/></sampler><channel source="#Hips-Matrix-animation-transform" target="Hips/matrix"/></animation>
    <animation id="Spine-anim" name="Spine"><source id="Spine-Matrix-animation-input"><float_array id="Spine-Matrix-animation-input-array" count="141">

0.000000 0.033333 0.066667 0.100000 0.133333 0.166667 0.200000 0.233333 0.266667 0.300000 0.333333 0.366667 0.400000 0.433333 0.466667 0.500000
0.533333 0.566667 0.600000 0.633333 0.666667 0.700000 0.733333 0.766667 0.800000 0.833333 0.866667 0.900000 0.933333 0.966667 1.000000 1.033333
1.066667 1.100000 1.133333 1.166667 1.200000 1.233333 1.266667 1.300000 1.333333 1.366667 1.400000 1.433333 1.466667 1.500000 1.533333 1.566667
1.600000 1.633333 1.666667 1.700000 1.733333 1.766667 1.800000 1.833333 1.866667 1.900000 1.933333 1.966667 2.000000 2.033333 2.066667 2.100000
2.133333 2.166667 2.200000 2.233333 2.266667 2.300000 2.333333 2.366667 2.400000 2.433333 2.466667 2.500000 2.533333 2.566667 2.600000 2.633333
2.666667 2.700000 2.733333 2.766667 2.800000 2.833333 2.866667 2.900000 2.933333 2.966667 3.000000 3.033333 3.066667 3.100000 3.133333 3.166667
3.200000 3.233333 3.266667 3.300000 3.333333 3.366667 3.400000 3.433333 3.466667 3.500000 3.533333 3.566667 3.600000 3.633333 3.666667 3.700000
3.733333 3.766667 3.800000 3.833333 3.866667 3.900000 3.933333 3.966667 4.000000 4.033333 4.066667 4.100000 4.133333 4.166667 4.200000 4.233333
4.266667 4.300000 4.333333 4.366667 4.400000 4.433333 4.466667 4.500000 4.533333 4.566667 4.600000 4.633333 4.666667</float_array><technique_common><accessor source="#Spine-Matrix-animation-input-array" count="141"><param name="TIME" type="float"/></accessor></technique_common></source><source id="Spine-Matrix-animation-output-transform"><float_array id="Spine-Matrix-animation-output-transform-array" count="2256">

0.998220 0.047279 -0.036353 0.009000 -0.052446 0.986101 -0.157650 7.062600 0.028395 0.159276 0.986826 -0.984700 0.000000 0.000000 0.000000 1.000000
0.998221 0.047241 -0.036366 0.009000 -0.052416 0.986075 -0.157826 7.062600 0.028404 0.159451 0.986797 -0.984700 0.000000 0.000000 0.000000 1.000000
0.998222 0.047219 -0.036381 0.009000 -0.052401 0.986051 -0.157978 7.062600 0.028414 0.159603 0.986772 -0.984700 0.000000 0.000000 0.000000 1.000000
0.998225 0.047184 -0.036332 0.009000 -0.052362 0.986036 -0.158084 7.062600 0.028365 0.159706 0.986757 -0.984700 0.000000 0.000000 0.000000 1.000000
0.998230 0.047127 -0.036285 0.009000 -0.052300 0.986029 -0.158153 7.062600 0.028325 0.159771 0.986748 -0.984700 0.000000 0.000000 0.000000 1.000000
0.998238 0.046998 -0.036235 0.009000 -0.052167 0.986023 -0.158234 7.062600 0.028292 0.159846 0.986736 -0.984700 0.000000 0.000000 0.000000 1.000000
0.998248 0.046823 -0.036186 0.009000 -0.051988 0.986016 -0.158333 7.062600 0.028266 0.159937 0.986722 -0.984700 0.000000 0.000000 0.000000 1.000000
0.998258 0.046641 -0.036131 0.009000 -0.051802 0.986011 -0.158427 7.062600 0.028237 0.160022 0.986709 -0.984700 0.000000 0.000000 0.000000 1.000000
0.998267 0.046498 -0.036074 0.009000 -0.051655 0.986008 -0.158496 7.062600 0.028199 0.160085 0.986700 -0.984700 0.000000 0.000000 0.000000 1.000000
0.998274 0.046399 -0.036010 0.009000 -0.051548 0.986004 -0.158550 7.062600 0.028149 0.160133 0.986694 -0.984700 0.000000 0.000000 0.000000 1.000000
0.998277 0.046365 -0.035971 0.009000 -0.051510 0.985998 -0.158599 7.062600 0.028114 0.160179 0.986688 -0.984700 0.000000 0.000000 0.000000 1.000000
0.998276 0.046387 -0.035962 0.009000 -0.051532 0.985990 -0.158646 7.062600 0.028099 0.160226 0.986680 -0.984700 0.000000 0.000000 0.000000 1.000000
0.998273 0.046444 -0.035966 0.009000 -0.051589 0.985980 -0.158687 7.062600 0.028092 0.160268 0.986674 -0.984700 0.000000 0.000000 0.000000 1.000000
0.998272 0.046489 -0.035950 0.009000 -0.051632 0.985975 -0.158708 7.062600 0.028067 0.160290 0.986671 -0.984700 0.000000 0.000000 0.000000 1.000000
0.998271 0.046520 -0.035934 0.009000 -0.051659 0.985978 -0.158676 7.062600 0.028048 0.160258 0.986677 -0.984700 0.000000 0.000000 0.000000 1.000000
0.998273 0.046515 -0.035886 0.009000 -0.051643 0.985998 -0.158557 7.062600 0.028008 0.160136 0.986697 -0.984700 0.000000 0.000000 0.000000 1.000000
0.998279 0.046442 -0.035816 0.009000 -0.051554 0.986036 -0.158350 7.062600 0.027962 0.159924 0.986733 -0.984700 0.000000 0.000000 0.000000 1.000000
0.998287 0.046323 -0.035740 0.009000 -0.051418 0.986077 -0.158142 7.062600 0.027917 0.159708 0.986769 -0.984700 0.000000 0.000000 0.000000 1.000000
0.998292 0.046267 -0.035685 0.009000 -0.051348 0.986111 -0.157953 7.062600 0.027882 0.159515 0.986802 -0.984700 0.000000 0.000000 0.000000 1.000000
0.998293 0.046259 -0.035642 0.009000 -0.051329 0.986141 -0.157772 7.062600 0.027850 0.159332 0.986832 -0.984700 0.000000 0.000000 0.000000 1.000000
0.998296 0.046244 -0.035594 0.009000 -0.051300 0.986181 -0.157527 7.062600 0.027818 0.159084 0.986873 -0.984700 0.000000 0.000000 0.000000 1.000000
0.998300 0.046209 -0.035529 0.009000 -0.051245 0.986241 -0.157172 7.062600 0.027777 0.158726 0.986932 -0.984700 0.000000 0.000000 0.000000 1.000000
0.998301 0.046217 -0.035474 0.009000 -0.051234 0.986298 -0.156815 7.062600 0.027741 0.158366 0.986991 -0.984700 0.000000 0.000000 0.000000 1.000000
0.998295 0.046347 -0.035474 0.009000 -0.051355 0.986331 -0.156570 7.062600 0.027732 0.158124 0.987030 -0.984700 0.000000 0.000000 0.000000 1.000000
0.998288 0.046491 -0.035501 0.009000 -0.051498 0.986349 -0.156408 7.062600 0.027745 0.157968 0.987054 -0.984700 0.000000 0.000000 0.000000 1.000000
0.998285 0.046541 -0.035517 0.009000 -0.051546 0.986368 -0.156271 7.062600 0.027760 0.157834 0.987075 -0.984700 0.000000 0.000000 0.000000 1.000000
0.998285 0.046522 -0.035522 0.009000 -0.051524 0.986390 -0.156144 7.062600 0.027774 0.157707 0.987095 -0.984700 0.000000 0.000000 0.000000 1.000000
0.998287 0.046475 -0.035553 0.009000 -0.051480 0.986407 -0.156051 7.062600 0.027817 0.157614 0.987109 -0.984700 0.000000 0.000000 0.000000 1.000000
0.998284 0.046449 -0.035669 0.009000 -0.051470 0.986420 -0.155968 7.062600 0.027940 0.157536 0.987118 -0.984700 0.000000 0.000000 0.000000 1.000000
0.998279 0.046408 -0.035865 0.009000 -0.051456 0.986441 -0.155842 7.062600 0.028146 0.157419 0.987131 -0.984700 0.000000 0.000000 0.000000 1.000000
0.998274 0.046352 -0.036063 0.009000 -0.051428 0.986469 -0.155671 7.062600 0.028359 0.157257 0.987151 -0.984700 0.000000 0.000000 0.000000 1.000000
0.998270 0.046321 -0.036204 0.009000 -0.051414 0.986494 -0.155517 7.062600 0.028512 0.157110 0.987169 -0.984700 0.000000 0.000000 0.000000 1.000000
0.998269 0.046273 -0.036293 0.009000 -0.051378 0.986515 -0.155399 7.062600 0.028613 0.156995 0.987185 -0.984700 0.000000 0.000000 0.000000 1.000000
0.998269 0.046236 -0.036344 0.009000 -0.051346 0.986532 -0.155298 7.062600 0.028674 0.156896 0.987199 -0.984700 0.000000 0.000000 0.000000 1.000000
0.998269 0.046204 -0.036381 0.009000 -0.051318 0.986547 -0.155211 7.062600 0.028720 0.156810 0.987211 -0.984700 0.000000 0.000000 0.000000 1.000000
0.998270 0.046184 -0.036395 0.009000 -0.051298 0.986560 -0.155139 7.062600 0.028741 0.156737 0.987222 -0.984700 0.000000 0.000000 0.000000 1.000000
0.998272 0.046163 -0.036360 0.009000 -0.051271 0.986570 -0.155083 7.062600 0.028713 0.156679 0.987232 -0.984700 0.000000 0.000000 0.000000 1.000000
0.998277 0.046139 -0.036258 0.009000 -0.051230 0.986579 -0.155040 7.062600 0.028618 0.156630 0.987243 -0.984700 0.000000 0.000000 0.000000 1.000000
0.998285 0.046111 -0.036072 0.009000 -0.051172 0.986587 -0.155011 7.062600 0.028440 0.156591 0.987254 -0.984700 0.000000 0.000000 0.000000 1.000000
0.998295 0.046108 -0.035799 0.009000 -0.051126 0.986592 -0.154993 7.062600 0.028172 0.156559 0.987267 -0.984700 0.000000 0.000000 0.000000 1.000000
0.998305 0.046135 -0.035488 0.009000 -0.051103 0.986595 -0.154981 7.062600 0.027862 0.156532 0.987280 -0.984700 0.000000 0.000000 0.000000 1.000000
0.998312 0.046132 -0.035273 0.009000 -0.051067 0.986595 -0.154990 7.062600 0.027650 0.156530 0.987286 -0.984700 0.000000 0.000000 0.000000 1.000000
0.998317 0.046103 -0.035194 0.009000 -0.051027 0.986589 -0.155044 7.062600 0.027574 0.156579 0.987281 -0.984700 0.000000 0.000000 0.000000 1.000000
0.998319 0.046057 -0.035193 0.009000 -0.050984 0.986576 -0.155142 7.062600 0.027576 0.156676 0.987265 -0.984700 0.000000 0.000000 0.000000 1.000000
0.998320 0.046020 -0.035215 0.009000 -0.050954 0.986561 -0.155248 7.062600 0.027597 0.156781 0.987248 -0.984700 0.000000 0.000000 0.000000 1.000000
0.998320 0.045993 -0.035250 0.009000 -0.050936 0.986548 -0.155336 7.062600 0.027632 0.156871 0.987233 -0.984700 0.000000 0.000000 0.000000 1.000000
0.998320 0.045946 -0.035301 0.009000 -0.050900 0.986537 -0.155417 7.062600 0.027685 0.156952 0.987218 -0.984700 0.000000 0.000000 0.000000 1.000000
0.998319 0.045897 -0.035387 0.009000 -0.050866 0.986525 -0.155504 7.062600 0.027773 0.157043 0.987201 -0.984700 0.000000 0.000000 0.000000 1.000000
0.998319 0.045822 -0.035491 0.009000 -0.050812 0.986513 -0.155596 7.062600 0.027883 0.157138 0.987183 -0.984700 0.000000 0.000000 0.000000 1.000000
0.998322 0.045705 -0.035569 0.009000 -0.050711 0.986505 -0.155683 7.062600 0.027974 0.157226 0.987166 -0.984700 0.000000 0.000000 0.000000 1.000000
0.998325 0.045588 -0.035615 0.009000 -0.050605 0.986498 -0.155759 7.062600 0.028034 0.157301 0.987153 -0.984700 0.000000 0.000000 0.000000 1.000000
0.998327 0.045528 -0.035643 0.009000 -0.050552 0.986488 -0.155840 7.062600 0.028066 0.157381 0.987139 -0.984700 0.000000 0.000000 0.000000 1.000000
0.998327 0.045504 -0.035662 0.009000 -0.050533 0.986476 -0.155922 7.062600 0.028085 0.157463 0.987125 -0.984700 0.000000 0.000000 0.000000 1.000000
0.998328 0.045478 -0.035682 0.009000 -0.050513 0.986466 -0.155994 7.062600 0.028105 0.157535 0.987113 -0.984700 0.000000 0.000000 0.000000 1.000000
0.998327 0.045478 -0.035699 0.009000 -0.050518 0.986454 -0.156064 7.062600 0.028118 0.157606 0.987102 -0.984700 0.000000 0.000000 0.000000 1.000000
0.998327 0.045475 -0.035713 0.009000 -0.050520 0.986439 -0.156159 7.062600 0.028128 0.157702 0.987086 -0.984700 0.000000 0.000000 0.000000 1.000000
0.998327 0.045466 -0.035733 0.009000 -0.050519 0.986416 -0.156304 7.062600 0.028141 0.157848 0.987062 -0.984700 0.000000 0.000000 0.000000 1.000000
0.998326 0.045448 -0.035760 0.009000 -0.050509 0.986390 -0.156472 7.062600 0.028162 0.158016 0.987035 -0.984700 0.000000 0.000000 0.000000 1.000000
0.998327 0.045409 -0.035790 0.009000 -0.050480 0.986366 -0.156630 7.062600 0.028190 0.158174 0.987009 -0.984700 0.000000 0.000000 0.000000 1.000000
0.998328 0.045361 -0.035825 0.009000 -0.050441 0.986355 -0.156713 7.062600 0.028228 0.158258 0.986994 -0.984700 0.000000 0.000000 0.000000 1.000000
0.998330 0.045281 -0.035862 0.009000 -0.050369 0.986353 -0.156753 7.062600 0.028275 0.158297 0.986987 -0.984700 0.000000 0.000000 0.000000 1.000000
0.998330 0.045231 -0.035933 0.009000 -0.050331 0.986350 -0.156780 7.062600 0.028351 0.158327 0.986980 -0.984700 0.000000 0.000000 0.000000 1.000000
0.998328 0.045208 -0.036007 0.009000 -0.050322 0.986344 -0.156820 7.062600 0.028426 0.158370 0.986971 -0.984700 0.000000 0.000000 0.000000 1.000000
0.998324 0.045249 -0.036091 0.009000 -0.050377 0.986335 -0.156864 7.062600 0.028499 0.158419 0.986961 -0.984700 0.000000 0.000000 0.000000 1.000000
0.998320 0.045280 -0.036145 0.009000 -0.050416 0.986328 -0.156893 7.062600 0.028547 0.158452 0.986954 -0.984700 0.000000 0.000000 0.000000 1.000000
0.998317 0.045304 -0.036197 0.009000 -0.050449 0.986324 -0.156909 7.062600 0.028593 0.158471 0.986950 -0.984700 0.000000 0.000000 0.000000 1.000000
0.998316 0.045305 -0.036236 0.009000 -0.050456 0.986323 -0.156912 7.062600 0.028632 0.158476 0.986948 -0.984700 0.000000 0.000000 0.000000 1.000000
0.998315 0.045296 -0.036262 0.009000 -0.050451 0.986324 -0.156907 7.062600 0.028659 0.158472 0.986947 -0.984700 0.000000 0.000000 0.000000 1.000000
0.998315 0.045295 -0.036275 0.009000 -0.050452 0.986325 -0.156899 7.062600 0.028673 0.158465 0.986948 -0.984700 0.000000 0.000000 0.000000 1.000000
0.998313 0.045290 -0.036334 0.009000 -0.050456 0.986327 -0.156885 7.062600 0.028732 0.158453 0.986948 -0.984700 0.000000 0.000000 0.000000 1.000000
0.998306 0.045267 -0.036538 0.009000 -0.050466 0.986330 -0.156863 7.062600 0.028938 0.158442 0.986944 -0.984700 0.000000 0.000000 0.000000 1.000000
0.998294 0.045243 -0.036909 0.009000 -0.050500 0.986333 -0.156836 7.062600 0.029308 0.158432 0.986935 -0.984700 0.000000 0.000000 0.000000 1.000000
0.998281 0.045204 -0.037296 0.009000 -0.050521 0.986339 -0.156788 7.062600 0.029699 0.158403 0.986928 -0.984700 0.000000 0.000000 0.000000 1.000000
0.998273 0.045172 -0.037566 0.009000 -0.050530 0.986347 -0.156737 7.062600 0.029973 0.158365 0.986926 -0.984700 0.000000 0.000000 0.000000 1.000000
0.998270 0.045143 -0.037672 0.009000 -0.050517 0.986357 -0.156680 7.062600 0.030085 0.158312 0.986931 -0.984700 0.000000 0.000000 0.000000 1.000000
0.998270 0.045115 -0.037698 0.009000 -0.050492 0.986369 -0.156613 7.062600 0.030118 0.158246 0.986940 -0.984700 0.000000 0.000000 0.000000 1.000000
0.998272 0.045082 -0.037699 0.009000 -0.050457 0.986383 -0.156533 7.062600 0.030129 0.158164 0.986953 -0.984700 0.000000 0.000000 0.000000 1.000000
0.998274 0.045030 -0.037691 0.009000 -0.050400 0.986403 -0.156426 7.062600 0.030135 0.158056 0.986970 -0.984700 0.000000 0.000000 0.000000 1.000000
0.998278 0.044966 -0.037671 0.009000 -0.050330 0.986426 -0.156304 7.062600 0.030132 0.157931 0.986990 -0.984700 0.000000 0.000000 0.000000 1.000000
0.998282 0.044902 -0.037645 0.009000 -0.050260 0.986445 -0.156205 7.062600 0.030121 0.157828 0.987007 -0.984700 0.000000 0.000000 0.000000 1.000000
0.998285 0.044851 -0.037626 0.009000 -0.050205 0.986456 -0.156152 7.062600 0.030113 0.157774 0.987016 -0.984700 0.000000 0.000000 0.000000 1.000000
0.998286 0.044831 -0.037620 0.009000 -0.050184 0.986460 -0.156135 7.062600 0.030111 0.157755 0.987019 -0.984700 0.000000 0.000000 0.000000 1.000000
0.998286 0.044831 -0.037615 0.009000 -0.050183 0.986461 -0.156128 7.062600 0.030106 0.157748 0.987020 -0.984700 0.000000 0.000000 0.000000 1.000000
0.998287 0.044825 -0.037609 0.009000 -0.050176 0.986463 -0.156119 7.062600 0.030102 0.157739 0.987022 -0.984700 0.000000 0.000000 0.000000 1.000000
0.998288 0.044796 -0.037598 0.009000 -0.050145 0.986466 -0.156111 7.062600 0.030096 0.157729 0.987024 -0.984700 0.000000 0.000000 0.000000 1.000000
0.998290 0.044766 -0.037586 0.009000 -0.050113 0.986469 -0.156104 7.062600 0.030089 0.157721 0.987025 -0.984700 0.000000 0.000000 0.000000 1.000000
0.998290 0.044769 -0.037581 0.009000 -0.050115 0.986470 -0.156092 7.062600 0.030085 0.157708 0.987027 -0.984700 0.000000 0.000000 0.000000 1.000000
0.998291 0.044764 -0.037568 0.009000 -0.050108 0.986474 -0.156074 7.062600 0.030073 0.157690 0.987031 -0.984700 0.000000 0.000000 0.000000 1.000000
0.998293 0.044745 -0.037546 0.009000 -0.050084 0.986479 -0.156049 7.062600 0.030056 0.157663 0.987036 -0.984700 0.000000 0.000000 0.000000 1.000000
0.998293 0.044750 -0.037534 0.009000 -0.050087 0.986484 -0.156016 7.062600 0.030045 0.157630 0.987041 -0.984700 0.000000 0.000000 0.000000 1.000000
