<?xml version="1.0" encoding="utf-8"?>
<COLLADA xmlns="http://www.collada.org/2005/11/COLLADASchema" version="1.4.1">
  <asset><contributor><author>Mixamo</author><authoring_tool>COLLADA Mixamo exporter</authoring_tool><comments></comments></contributor><created>2021-01-05T16:21:45Z</created><modified>2021-01-05T16:21:45Z</modified><revision></revision><title></title><unit meter="0.010000"/><up_axis>Y_UP</up_axis></asset>
  <library_animations>
    <animation id="Hips-anim" name="Hips"><source id="Hips-Matrix-animation-input"><float_array id="Hips-Matrix-animation-input-array" count="137">

0.000000 0.033333 0.066667 0.100000 0.133333 0.166667 0.200000 0.233333 0.266667 0.300000 0.333333 0.366667 0.400000 0.433333 0.466667 0.500000
0.533333 0.566667 0.600000 0.633333 0.666667 0.700000 0.733333 0.766667 0.800000 0.833333 0.866667 0.900000 0.933333 0.966667 1.000000 1.033333
1.066667 1.100000 1.133333 1.166667 1.200000 1.233333 1.266667 1.300000 1.333333 1.366667 1.400000 1.433333 1.466667 1.500000 1.533333 1.566667
1.600000 1.633333 1.666667 1.700000 1.733333 1.766667 1.800000 1.833333 1.866667 1.900000 1.933333 1.966667 2.000000 2.033333 2.066667 2.100000
2.133333 2.166667 2.200000 2.233333 2.266667 2.300000 2.333333 2.366667 2.400000 2.433333 2.466667 2.500000 2.533333 2.566667 2.600000 2.633333
2.666667 2.700000 2.733333 2.766667 2.800000 2.833333 2.866667 2.900000 2.933333 2.966667 3.000000 3.033333 3.066667 3.100000 3.133333 3.166667
3.200000 3.233333 3.266667 3.300000 3.333333 3.366667 3.400000 3.433333 3.466667 3.500000 3.533333 3.566667 3.600000 3.633333 3.666667 3.700000
3.733333 3.766667 3.800000 3.833333 3.866667 3.900000 3.933333 3.966667 4.000000 4.033333 4.066667 4.100000 4.133333 4.166667 4.200000 4.233333
4.266667 4.300000 4.333333 4.366667 4.400000 4.433333 4.466667 4.500000 4.533333</float_array><technique_common><accessor source="#Hips-Matrix-animation-input-array" count="137"><param name="TIME" type="float"/></accessor></technique_common></source><source id="Hips-Matrix-animation-output-transform"><float_array id="Hips-Matrix-animation-output-transform-array" count="2192">

0.994874 0.067955 -0.074890 -1.050060 -0.090426 0.266272 -0.959647 55.025417 -0.045272 0.961500 0.271052 6.784417 0.000000 0.000000 0.000000 1.000000
0.994582 0.064243 -0.081727 -1.074405 -0.095863 0.262721 -0.960098 55.097954 -0.040208 0.962731 0.267456 7.829935 0.000000 0.000000 0.000000 1.000000
0.994286 0.060548 -0.087916 -1.099148 -0.100692 0.258498 -0.960750 55.182644 -0.035445 0.964112 0.263118 8.845385 0.000000 0.000000 0.000000 1.000000
0.993832 0.058953 -0.093927 -1.117515 -0.105912 0.253548 -0.961507 55.255344 -0.032869 0.965525 0.258228 9.821957 0.000000 0.000000 0.000000 1.000000
0.993180 0.056726 -0.101861 -1.120003 -0.112812 0.246929 -0.962445 55.330601 -0.029443 0.967372 0.251644 10.844770 0.000000 0.000000 0.000000 1.000000
0.992427 0.053279 -0.110682 -1.076342 -0.120286 0.238802 -0.963590 55.413219 -0.024907 0.969606 0.243402 11.932158 0.000000 0.000000 0.000000 1.000000
0.991827 0.049140 -0.117746 -0.972735 -0.125984 0.231284 -0.964695 55.474979 -0.020173 0.971644 0.235585 13.065136 0.000000 0.000000 0.000000 1.000000
0.991457 0.043992 -0.122794 -0.843979 -0.129601 0.225874 -0.965497 55.500332 -0.014738 0.973163 0.229646 14.254496 0.000000 0.000000 0.000000 1.000000
0.991196 0.038360 -0.126725 -0.738758 -0.132094 0.221112 -0.966261 55.502785 -0.009045 0.974494 0.224233 15.429004 0.000000 0.000000 0.000000 1.000000
0.991075 0.032575 -0.129267 -0.667773 -0.133262 0.216520 -0.967140 55.492584 -0.003515 0.975735 0.218929 16.547598 0.000000 0.000000 0.000000 1.000000
0.991116 0.027131 -0.130202 -0.625910 -0.132990 0.212878 -0.967986 55.455311 0.001455 0.976702 0.214595 17.666773 0.000000 0.000000 0.000000 1.000000
0.991121 0.022586 -0.131030 -0.614793 -0.132847 0.209244 -0.968798 55.394344 0.005536 0.977603 0.210386 18.806326 0.000000 0.000000 0.000000 1.000000
0.990896 0.019160 -0.133260 -0.625035 -0.134348 0.204752 -0.969550 55.319332 0.008709 0.978626 0.205462 19.962812 0.000000 0.000000 0.000000 1.000000
0.990553 0.016046 -0.136186 -0.641826 -0.136651 0.198273 -0.970574 55.247166 0.011428 0.980016 0.198592 21.137032 0.000000 0.000000 0.000000 1.000000
0.990181 0.012295 -0.139252 -0.656449 -0.139027 0.190825 -0.971729 55.178185 0.014625 0.981547 0.190660 22.346344 0.000000 0.000000 0.000000 1.000000
0.989758 0.008090 -0.142527 -0.683462 -0.141577 0.183691 -0.972735 55.113113 0.018311 0.982951 0.182955 23.600266 0.000000 0.000000 0.000000 1.000000
0.989494 0.004161 -0.144516 -0.710705 -0.142990 0.175785 -0.973988 55.058998 0.021351 0.984420 0.174533 24.901625 0.000000 0.000000 0.000000 1.000000
0.989315 0.000101 -0.145793 -0.740675 -0.143762 0.167017 -0.975417 55.027832 0.024251 0.985954 0.165247 26.210331 0.000000 0.000000 0.000000 1.000000
0.988884 -0.003705 -0.148641 -0.766442 -0.146185 0.158373 -0.976498 55.016552 0.027158 0.987372 0.156071 27.529177 0.000000 0.000000 0.000000 1.000000
0.988213 -0.007324 -0.152910 -0.780769 -0.150095 0.150108 -0.977210 55.016735 0.030110 0.988642 0.147240 28.871584 0.000000 0.000000 0.000000 1.000000
0.987577 -0.011012 -0.156752 -0.802148 -0.153610 0.142555 -0.977795 55.022038 0.033114 0.989726 0.139092 30.214508 0.000000 0.000000 0.000000 1.000000
0.987004 -0.014299 -0.160058 -0.834409 -0.156661 0.136168 -0.978221 55.019554 0.035783 0.990583 0.132158 31.558998 0.000000 0.000000 0.000000 1.000000
0.986501 -0.018685 -0.162685 -0.866828 -0.158882 0.131335 -0.978523 55.011463 0.039650 0.991162 0.126593 32.876816 0.000000 0.000000 0.000000 1.000000
0.986016 -0.025604 -0.164675 -0.887612 -0.160160 0.127558 -0.978815 54.998539 0.046067 0.991501 0.121673 34.275204 0.000000 0.000000 0.000000 1.000000
0.985440 -0.032176 -0.166949 -0.917114 -0.161796 0.124258 -0.978970 54.989666 0.052245 0.991728 0.117243 35.775768 0.000000 0.000000 0.000000 1.000000
0.984988 -0.037688 -0.168457 -0.954782 -0.162768 0.122214 -0.979066 55.002422 0.057487 0.991788 0.114245 37.271999 0.000000 0.000000 0.000000 1.000000
0.984713 -0.043056 -0.168780 -0.974769 -0.162573 0.120691 -0.979287 55.032692 0.062534 0.991756 0.111846 38.795582 0.000000 0.000000 0.000000 1.000000
0.984487 -0.047775 -0.168828 -0.977485 -0.162181 0.119383 -0.979513 55.064938 0.066952 0.991698 0.109783 40.339245 0.000000 0.000000 0.000000 1.000000
0.984384 -0.052009 -0.168175 -0.983636 -0.161094 0.118995 -0.979739 55.083229 0.070968 0.991532 0.108759 41.869957 0.000000 0.000000 0.000000 1.000000
0.984823 -0.054517 -0.164777 -0.974450 -0.157448 0.118867 -0.980347 55.086750 0.073032 0.991412 0.108479 43.383842 0.000000 0.000000 0.000000 1.000000
0.985804 -0.054908 -0.158670 -0.955955 -0.151370 0.118265 -0.981377 55.092724 0.072651 0.991463 0.108274 44.903389 0.000000 0.000000 0.000000 1.000000
0.986775 -0.054665 -0.152601 -0.941647 -0.145449 0.116970 -0.982427 55.114845 0.071554 0.991630 0.107472 46.428116 0.000000 0.000000 0.000000 1.000000
0.987469 -0.054087 -0.148253 -0.930173 -0.141274 0.115669 -0.983190 55.160645 0.070326 0.991814 0.106578 47.994705 0.000000 0.000000 0.000000 1.000000
0.987823 -0.053888 -0.145950 -0.912906 -0.139126 0.113929 -0.983699 55.185898 0.069637 0.992026 0.105044 49.558193 0.000000 0.000000 0.000000 1.000000
0.988051 -0.053041 -0.144711 -0.892169 -0.138140 0.111621 -0.984103 55.184849 0.068350 0.992334 0.102960 51.107090 0.000000 0.000000 0.000000 1.000000
0.988148 -0.051737 -0.144524 -0.865866 -0.138240 0.109383 -0.984340 55.157490 0.066735 0.992652 0.100934 52.648453 0.000000 0.000000 0.000000 1.000000
0.987920 -0.050807 -0.146396 -0.833560 -0.140337 0.107300 -0.984272 55.112122 0.065717 0.992928 0.098874 54.175041 0.000000 0.000000 0.000000 1.000000
0.987462 -0.050305 -0.149628 -0.786171 -0.143764 0.104915 -0.984035 55.062153 0.065200 0.993208 0.096368 55.682846 0.000000 0.000000 0.000000 1.000000
0.986995 -0.050265 -0.152691 -0.726260 -0.146997 0.102229 -0.983840 55.009659 0.065062 0.993490 0.093511 57.163834 0.000000 0.000000 0.000000 1.000000
0.986542 -0.049824 -0.155732 -0.661514 -0.150162 0.100804 -0.983509 54.944206 0.064700 0.993658 0.091965 58.611073 0.000000 0.000000 0.000000 1.000000
0.986092 -0.049187 -0.158753 -0.591947 -0.153197 0.101357 -0.982984 54.867661 0.064441 0.993633 0.092412 60.017357 0.000000 0.000000 0.000000 1.000000
0.985627 -0.049202 -0.161615 -0.507498 -0.155913 0.103425 -0.982341 54.802303 0.065048 0.993420 0.094268 61.386631 0.000000 0.000000 0.000000 1.000000
0.985509 -0.048392 -0.162575 -0.414139 -0.156769 0.106158 -0.981913 54.757092 0.064775 0.993171 0.097033 62.726295 0.000000 0.000000 0.000000 1.000000
0.985857 -0.046172 -0.161105 -0.323362 -0.155331 0.109170 -0.981812 54.712353 0.062920 0.992950 0.100454 64.030243 0.000000 0.000000 0.000000 1.000000
0.986286 -0.043582 -0.159188 -0.236050 -0.153476 0.112583 -0.981718 54.652847 0.060707 0.992686 0.104351 65.297646 0.000000 0.000000 0.000000 1.000000
0.986676 -0.040736 -0.157518 -0.156776 -0.151867 0.116778 -0.981478 54.592995 0.058376 0.992322 0.109035 66.530373 0.000000 0.000000 0.000000 1.000000
0.987225 -0.037107 -0.154953 -0.092172 -0.149499 0.120659 -0.981372 54.551262 0.055113 0.992000 0.113570 67.723900 0.000000 0.000000 0.000000 1.000000
0.987809 -0.033192 -0.152092 -0.041792 -0.146911 0.124370 -0.981300 54.511532 0.051487 0.991681 0.117977 68.878830 0.000000 0.000000 0.000000 1.000000
0.988217 -0.029668 -0.150154 -0.002475 -0.145160 0.129377 -0.980913 54.459839 0.048528 0.991152 0.123546 70.010109 0.000000 0.000000 0.000000 1.000000
0.988562 -0.026180 -0.148522 0.026657 -0.143670 0.136000 -0.980236 54.410374 0.045861 0.990363 0.130683 71.132874 0.000000 0.000000 0.000000 1.000000
0.988973 -0.022221 -0.146421 0.048561 -0.141775 0.143728 -0.979409 54.371109 0.042809 0.989368 0.138993 72.261734 0.000000 0.000000 0.000000 1.000000
0.989406 -0.018795 -0.143956 0.064036 -0.139461 0.152485 -0.978417 54.337860 0.040341 0.988127 0.148248 73.407417 0.000000 0.000000 0.000000 1.000000
0.989855 -0.016574 -0.141109 0.073514 -0.136610 0.161898 -0.977306 54.303253 0.039043 0.986668 0.157992 74.561584 0.000000 0.000000 0.000000 1.000000
0.990367 -0.014027 -0.137753 0.064866 -0.133308 0.172396 -0.975966 54.255295 0.037438 0.984928 0.168865 75.702110 0.000000 0.000000 0.000000 1.000000
0.990807 -0.011643 -0.134780 0.027147 -0.130361 0.184113 -0.974222 54.185913 0.036158 0.982836 0.180902 76.813354 0.000000 0.000000 0.000000 1.000000
0.991317 -0.010305 -0.131093 -0.029777 -0.126504 0.197381 -0.972130 54.103127 0.035893 0.980273 0.194364 77.925003 0.000000 0.000000 0.000000 1.000000
0.992060 -0.008708 -0.125464 -0.098627 -0.120805 0.211434 -0.969898 54.020485 0.034973 0.977353 0.208704 79.060547 0.000000 0.000000 0.000000 1.000000
0.992725 -0.007323 -0.120179 -0.179653 -0.115460 0.225128 -0.967464 53.948132 0.034140 0.974302 0.222645 80.216118 0.000000 0.000000 0.000000 1.000000
0.993208 -0.006477 -0.116174 -0.258101 -0.111297 0.238283 -0.964797 53.892986 0.033931 0.971174 0.235944 81.407249 0.000000 0.000000 0.000000 1.000000
0.993681 -0.004822 -0.112140 -0.318368 -0.107380 0.250054 -0.962259 53.853069 0.032681 0.968220 0.247956 82.652077 0.000000 0.000000 0.000000 1.000000
0.994026 -0.002087 -0.109121 -0.369761 -0.104833 0.259879 -0.959934 53.817036 0.030362 0.965639 0.258108 83.941292 0.000000 0.000000 0.000000 1.000000
0.994167 -0.000051 -0.107851 -0.415200 -0.103916 0.267192 -0.958024 53.787785 0.028865 0.963643 0.265628 85.259117 0.000000 0.000000 0.000000 1.000000
0.994242 0.000840 -0.107154 -0.445848 -0.103370 0.271023 -0.957006 53.798321 0.028237 0.962573 0.269549 86.578445 0.000000 0.000000 0.000000 1.000000
0.994263 0.001387 -0.106954 -0.468257 -0.103324 0.271038 -0.957007 53.865215 0.027661 0.962568 0.269626 87.895233 0.000000 0.000000 0.000000 1.000000
0.994181 0.001284 -0.107718 -0.490478 -0.104130 0.267635 -0.957877 53.971985 0.027599 0.963520 0.266211 89.237839 0.000000 0.000000 0.000000 1.000000
0.993869 0.001218 -0.110559 -0.518653 -0.107031 0.261418 -0.959273 54.075790 0.027734 0.965225 0.259946 90.429199 0.000000 0.000000 0.000000 1.000000
0.993460 0.002641 -0.114154 -0.543394 -0.111068 0.254351 -0.960713 54.170601 0.026498 0.967108 0.252981 91.493004 0.000000 0.000000 0.000000 1.000000
0.993206 0.004316 -0.116292 -0.562204 -0.113723 0.248008 -0.962060 54.284210 0.024689 0.968748 0.246814 92.550674 0.000000 0.000000 0.000000 1.000000
0.993033 0.005989 -0.117687 -0.571514 -0.115622 0.242321 -0.963282 54.410221 0.022749 0.970178 0.241325 93.560432 0.000000 0.000000 0.000000 1.000000
0.992620 0.006390 -0.121098 -0.592983 -0.119148 0.237203 -0.964126 54.539623 0.022564 0.971439 0.236214 94.564598 0.000000 0.000000 0.000000 1.000000
0.992020 0.004934 -0.125986 -0.615488 -0.123653 0.233292 -0.964513 54.641441 0.024633 0.972394 0.232040 95.592903 0.000000 0.000000 0.000000 1.000000
0.991387 0.002985 -0.130931 -0.633582 -0.128080 0.230777 -0.964540 54.693657 0.027337 0.973002 0.229171 96.642403 0.000000 0.000000 0.000000 1.000000
0.990824 0.001950 -0.135141 -0.643931 -0.131993 0.228971 -0.964443 54.725155 0.029062 0.973431 0.227127 97.717178 0.000000 0.000000 0.000000 1.000000
0.990396 0.001481 -0.138255 -0.662177 -0.134939 0.228297 -0.964195 54.756348 0.030135 0.973590 0.226304 98.822327 0.000000 0.000000 0.000000 1.000000
0.989995 0.001026 -0.141099 -0.703852 -0.137602 0.228366 -0.963802 54.775608 0.031233 0.973575 0.226222 99.960449 0.000000 0.000000 0.000000 1.000000
0.989476 0.001330 -0.144691 -0.771410 -0.141160 0.228627 -0.963226 54.778938 0.031800 0.973513 0.226409 101.109215 0.000000 0.000000 0.000000 1.000000
0.988988 0.001733 -0.147982 -0.859328 -0.144480 0.227880 -0.962910 54.781017 0.032054 0.973688 0.225621 102.259727 0.000000 0.000000 0.000000 1.000000
0.988650 0.002008 -0.150222 -0.950218 -0.146800 0.225506 -0.963118 54.797043 0.031942 0.974240 0.223241 103.417450 0.000000 0.000000 0.000000 1.000000
0.988412 0.002360 -0.151780 -1.033057 -0.148563 0.220374 -0.964036 54.834675 0.031173 0.975413 0.218170 104.566231 0.000000 0.000000 0.000000 1.000000
0.988289 0.002344 -0.152577 -1.060723 -0.149594 0.212212 -0.965706 54.859089 0.030115 0.977221 0.210078 105.690918 0.000000 0.000000 0.000000 1.000000
0.988151 0.002862 -0.153457 -1.009086 -0.150793 0.204478 -0.967187 54.835297 0.028611 0.978867 0.202487 106.817238 0.000000 0.000000 0.000000 1.000000
0.987925 0.004796 -0.154860 -0.949908 -0.152692 0.199580 -0.967912 54.792023 0.026264 0.979870 0.197902 107.929962 0.000000 0.000000 0.000000 1.000000
0.987793 0.007357 -0.155601 -0.931584 -0.154004 0.196287 -0.968377 54.777912 0.023418 0.980519 0.195024 109.027229 0.000000 0.000000 0.000000 1.000000
0.987788 0.009786 -0.155497 -0.962776 -0.154413 0.194577 -0.968657 54.796124 0.020777 0.980838 0.193712 110.134361 0.000000 0.000000 0.000000 1.000000
0.987830 0.011475 -0.155117 -1.042361 -0.154377 0.194105 -0.968758 54.824398 0.018992 0.980914 0.193514 111.258354 0.000000 0.000000 0.000000 1.000000
0.987766 0.011257 -0.155539 -1.148930 -0.154738 0.194613 -0.968598 54.843445 0.019367 0.980816 0.193974 112.403366 0.000000 0.000000 0.000000 1.000000
0.987697 0.009553 -0.156088 -1.255553 -0.154928 0.195473 -0.968394 54.873901 0.021260 0.980663 0.194548 113.573128 0.000000 0.000000 0.000000 1.000000
0.987711 0.006875 -0.156139 -1.351690 -0.154443 0.196081 -0.968349 54.930466 0.023959 0.980564 0.194733 114.763611 0.000000 0.000000 0.000000 1.000000
0.987851 0.003812 -0.155359 -1.417078 -0.153074 0.196369 -0.968508 54.999126 0.026816 0.980523 0.194566 115.983719 0.000000 0.000000 0.000000 1.000000
0.988254 0.001354 -0.152814 -1.459374 -0.150114 0.195939 -0.969058 55.077816 0.028631 0.980615 0.193841 117.224045 0.000000 0.000000 0.000000 1.000000
0.988821 -0.000177 -0.149107 -1.480846 -0.146225 0.194532 -0.969936 55.176037 0.029177 0.980896 0.192332 118.472618 0.000000 0.000000 0.000000 1.000000
0.989322 -0.001029 -0.145741 -1.485185 -0.142834 0.192018 -0.970942 55.284431 0.028984 0.981391 0.189821 119.723923 0.000000 0.000000 0.000000 1.000000
0.989685 -0.001334 -0.143251 -1.480879 -0.140451 0.187942 -0.972086 55.379189 0.028220 0.982179 0.185816 121.125420 0.000000 0.000000 0.000000 1.000000
0.990030 -0.001061 -0.140850 -1.460070 -0.138269 0.183382 -0.973269 55.457413 0.026861 0.983041 0.181407 122.629585 0.000000 0.000000 0.000000 1.000000
0.990293 -0.000172 -0.138996 -1.413458 -0.136728 0.178729 -0.974352 55.537758 0.025010 0.983898 0.176970 124.133507 0.000000 0.000000 0.000000 1.000000
0.990425 0.001115 -0.138048 -1.350706 -0.136138 0.173854 -0.975316 55.627098 0.022913 0.984771 0.172341 125.647873 0.000000 0.000000 0.000000 1.000000
0.990573 0.002588 -0.136959 -1.280795 -0.135418 0.169197 -0.976235 55.707100 0.020647 0.985579 0.167953 127.161293 0.000000 0.000000 0.000000 1.000000
0.990702 0.004526 -0.135972 -1.202250 -0.134848 0.165070 -0.977020 55.777958 0.018022 0.986271 0.164146 128.668518 0.000000 0.000000 0.000000 1.000000
0.990597 0.006783 -0.136644 -1.121630 -0.135943 0.161177 -0.977518 55.849274 0.015393 0.986902 0.160584 130.169846 0.000000 0.000000 0.000000 1.000000
0.990247 0.009190 -0.139022 -1.048806 -0.138710 0.158729 -0.977530 55.890060 0.013083 0.987279 0.158456 131.626816 0.000000 0.000000 0.000000 1.000000
0.989865 0.011840 -0.141518 -0.983611 -0.141594 0.158739 -0.977115 55.874878 0.010896 0.987250 0.158807 133.043488 0.000000 0.000000 0.000000 1.000000
0.989684 0.014181 -0.142564 -0.926904 -0.142991 0.159603 -0.976770 55.841793 0.008902 0.987079 0.159984 134.431808 0.000000 0.000000 0.000000 1.000000
0.989720 0.017252 -0.141973 -0.874381 -0.142903 0.159065 -0.976871 55.833504 0.005730 0.987117 0.159895 135.810303 0.000000 0.000000 0.000000 1.000000
0.989854 0.020754 -0.140561 -0.810295 -0.142072 0.157809 -0.977196 55.819489 0.001901 0.987252 0.159157 137.198975 0.000000 0.000000 0.000000 1.000000
0.990071 0.022427 -0.138765 -0.732576 -0.140566 0.158538 -0.977296 55.732349 0.000082 0.987098 0.160116 138.592880 0.000000 0.000000 0.000000 1.000000
0.990377 0.023695 -0.136352 -0.654946 -0.138390 0.160427 -0.977298 55.595428 -0.001283 0.986763 0.162162 139.970993 0.000000 0.000000 0.000000 1.000000
0.990880 0.026399 -0.132132 -0.581891 -0.134674 0.162595 -0.977459 55.479095 -0.004320 0.986340 0.164668 141.338577 0.000000 0.000000 0.000000 1.000000
0.991495 0.029592 -0.126740 -0.497655 -0.129904 0.165322 -0.977647 55.379795 -0.007978 0.985796 0.167760 142.702606 0.000000 0.000000 0.000000 1.000000
0.991915 0.032735 -0.122608 -0.411085 -0.126403 0.169208 -0.977441 55.268288 -0.011250 0.985037 0.171978 144.047348 0.000000 0.000000 0.000000 1.000000
0.992234 0.035462 -0.119227 -0.336671 -0.123606 0.173762 -0.977000 55.154434 -0.013929 0.984149 0.176795 145.365982 0.000000 0.000000 0.000000 1.000000
0.992529 0.037208 -0.116195 -0.270856 -0.120997 0.177902 -0.976581 55.051533 -0.015665 0.983344 0.181075 146.668121 0.000000 0.000000 0.000000 1.000000
0.992754 0.038582 -0.113806 -0.210285 -0.118953 0.181178 -0.976230 54.957108 -0.017046 0.982693 0.184454 147.956085 0.000000 0.000000 0.000000 1.000000
0.992926 0.039680 -0.111908 -0.162951 -0.117342 0.183997 -0.975897 54.864456 -0.018133 0.982125 0.187352 149.223251 0.000000 0.000000 0.000000 1.000000
0.993130 0.041336 -0.109469 -0.129289 -0.115302 0.186272 -0.975709 54.776436 -0.019941 0.981628 0.189759 150.467133 0.000000 0.000000 0.000000 1.000000
0.993401 0.043185 -0.106250 -0.101516 -0.112516 0.187403 -0.975818 54.699551 -0.022229 0.981333 0.191025 151.675751 0.000000 0.000000 0.000000 1.000000
0.993597 0.044830 -0.103706 -0.083275 -0.110380 0.189362 -0.975684 54.630859 -0.024102 0.980883 0.193098 152.840836 0.000000 0.000000 0.000000 1.000000
0.993737 0.047108 -0.101329 -0.075218 -0.108577 0.192714 -0.975229 54.569523 -0.026413 0.980124 0.196622 153.981720 0.000000 0.000000 0.000000 1.000000
0.993907 0.049237 -0.098615 -0.069638 -0.106456 0.196897 -0.974627 54.524414 -0.028571 0.979187 0.200939 155.113983 0.000000 0.000000 0.000000 1.000000
0.994162 0.050537 -0.095329 -0.064336 -0.103657 0.202112 -0.973861 54.498642 -0.029949 0.978058 0.206171 156.246765 0.000000 0.000000 0.000000 1.000000
0.994476 0.050884 -0.091810 -0.074297 -0.100461 0.207828 -0.972993 54.478218 -0.030429 0.976841 0.211792 157.357742 0.000000 0.000000 0.000000 1.000000
0.994856 0.051287 -0.087360 -0.101604 -0.096381 0.213692 -0.972135 54.461880 -0.031190 0.975554 0.217535 158.434738 0.000000 0.000000 0.000000 1.000000
0.995222 0.052490 -0.082324 -0.146109 -0.091949 0.220351 -0.971077 54.440891 -0.032831 0.974007 0.224125 159.484680 0.000000 0.000000 0.000000 1.000000
0.995490 0.053888 -0.078074 -0.209676 -0.088422 0.228961 -0.969411 54.395687 -0.034364 0.971943 0.232693 160.524704 0.000000 0.000000 0.000000 1.000000
0.995776 0.056080 -0.072705 -0.282347 -0.084130 0.240023 -0.967115 54.337685 -0.036785 0.969146 0.243727 161.589966 0.000000 0.000000 0.000000 1.000000
0.996077 0.060027 -0.065024 -0.351480 -0.078141 0.251698 -0.964646 54.282448 -0.041538 0.965943 0.255401 162.708206 0.000000 0.000000 0.000000 1.000000
0.996295 0.064325 -0.057077 -0.419924 -0.072054 0.262078 -0.962353 54.248882 -0.046945 0.962901 0.265742 163.864639 0.000000 0.000000 0.000000 1.000000
0.996407 0.068186 -0.050232 -0.490412 -0.066903 0.270050 -0.960519 54.246571 -0.051929 0.960429 0.273642 165.029297 0.000000 0.000000 0.000000 1.000000
0.996484 0.070354 -0.045490 -0.556105 -0.063259 0.275850 -0.959117 54.261333 -0.054930 0.958622 0.279331 166.215988 0.000000 0.000000 0.000000 1.000000
0.996522 0.071337 -0.043068 -0.615657 -0.061473 0.280420 -0.957907 54.302937 -0.056257 0.957223 0.283830 167.435822 0.000000 0.000000 0.000000 1.000000
0.996318 0.073883 -0.043502 -0.677261 -0.062799 0.283401 -0.956943 54.390411 -0.058374 0.956151 0.286997 168.682480 0.000000 0.000000 0.000000 1.000000
0.995984 0.076659 -0.046250 -0.738352 -0.066285 0.284128 -0.956492 54.491714 -0.060183 0.955717 0.288069 169.938065 0.000000 0.000000 0.000000 1.000000
0.995745 0.077611 -0.049690 -0.800408 -0.069837 0.283694 -0.956368 54.565041 -0.060128 0.955769 0.287907 171.188721 0.000000 0.000000 0.000000 1.000000
0.995582 0.077354 -0.053229 -0.862751 -0.073037 0.281676 -0.956726 54.634396 -0.059013 0.956386 0.286081 172.438248 0.000000 0.000000 0.000000 1.000000
0.995430 0.076477 -0.057183 -0.920921 -0.076346 0.277691 -0.957632 54.733532 -0.057358 0.957621 0.282261 173.684937 0.000000 0.000000 0.000000 1.000000
0.995286 0.074592 -0.061986 -0.974766 -0.080174 0.273155 -0.958623 54.845623 -0.054574 0.959074 0.277848 174.925934 0.000000 0.000000 0.000000 1.000000
0.995126 0.071480 -0.067929 -1.018764 -0.084833 0.269384 -0.959289 54.942459 -0.050271 0.960376 0.274135 176.149170 0.000000 0.000000 0.000000 1.000000
0.994874 0.067955 -0.074890 -1.050060 -0.090426 0.266272 -0.959647 55.025406 -0.045272 0.961500 0.271052 177.348694 0.000000 0.000000 0.000000 1.000000</float_array><technique_common><accessor source="#Hips-Matrix-animation-output-transform-array" count="137" stride="16"><param type="float4x4"/></accessor></technique_common></source><source id="Hips-Interpolations"><Name_array id="Hips-Interpolations-array" count="137">
 LINEAR LINEAR LINEAR LINEAR LINEAR LINEAR LINEAR LINEAR LINEAR LINEAR LINEAR
LINEAR LINEAR LINEAR LINEAR LINEAR LINEAR LINEAR LINEAR LINEAR LINEAR LINEAR LINEAR
LINEAR LINEAR LINEAR LINEAR LINEAR LINEAR LINEAR LINEAR LINEAR LINEAR LINEAR LINEAR
LINEAR LINEAR LINEAR LINEAR LINEAR LINEAR LINEAR LINEAR LINEAR LINEAR LINEAR LINEAR
LINEAR LINEAR LINEAR LINEAR LINEAR LINEAR LINEAR LINEAR LINEAR LINEAR LINEAR LINEAR
LINEAR LINEAR LINEAR LINEAR LINEAR LINEAR LINEAR LINEAR LINEAR LINEAR LINEAR LINEAR
LINEAR LINEAR LINEAR LINEAR LINEAR LINEAR LINEAR LINEAR LINEAR LINEAR LINEAR LINEAR
LINEAR LINEAR LINEAR LINEAR LINEAR LINEAR LINEAR LINEAR LINEAR LINEAR LINEAR LINEAR
LINEAR LINEAR LINEAR LINEAR LINEAR LINEAR LINEAR LINEAR LINEAR LINEAR LINEAR LINEAR
LINEAR LINEAR LINEAR LINEAR LINEAR LINEAR LINEAR LINEAR LINEAR LINEAR LINEAR LINEAR
LINEAR LINEAR LINEAR LINEAR LINEAR LINEAR LINEAR LINEAR LINEAR LINEAR LINEAR LINEAR
LINEAR LINEAR LINEAR LINEAR LINEAR LINEAR</Name_array><technique_common><accessor source="#Hips-Interpolations-array" count="137"><param type="name"/></accessor></technique_common></source><sampler id="Hips-Matrix-animation-transform"><input semantic="INPUT" source="#Hips-Matrix-animation-input"/><input semantic="OUTPUT" source="#Hips-Matrix-animation-output-transform"/><input semantic="INTERPOLATION" source="#Hips-Interpolations"/></sampler><channel source="#Hips-Matrix-animation-transform" target="Hips/matrix"/></animation>
    <animation id="Spine-anim" name="Spine"><source id="Spine-Matrix-animation-input"><float_array id="Spine-Matrix-animation-input-array" count="137">

0.000000 0.033333 0.066667 0.100000 0.133333 0.166667 0.200000 0.233333 0.266667 0.300000 0.333333 0.366667 0.400000 0.433333 0.466667 0.500000
0.533333 0.566667 0.600000 0.633333 0.666667 0.700000 0.733333 0.766667 0.800000 0.833333 0.866667 0.900000 0.933333 0.966667 1.000000 1.033333
1.066667 1.100000 1.133333 1.166667 1.200000 1.233333 1.266667 1.300000 1.333333 1.366667 1.400000 1.433333 1.466667 1.500000 1.533333 1.566667
1.600000 1.633333 1.666667 1.700000 1.733333 1.766667 1.800000 1.833333 1.866667 1.900000 1.933333 1.966667 2.000000 2.033333 2.066667 2.100000
2.133333 2.166667 2.200000 2.233333 2.266667 2.300000 2.333333 2.366667 2.400000 2.433333 2.466667 2.500000 2.533333 2.566667 2.600000 2.633333
2.666667 2.700000 2.733333 2.766667 2.800000 2.833333 2.866667 2.900000 2.933333 2.966667 3.000000 3.033333 3.066667 3.100000 3.133333 3.166667
3.200000 3.233333 3.266667 3.300000 3.333333 3.366667 3.400000 3.433333 3.466667 3.500000 3.533333 3.566667 3.600000 3.633333 3.666667 3.700000
3.733333 3.766667 3.800000 3.833333 3.866667 3.900000 3.933333 3.966667 4.000000 4.033333 4.066667 4.100000 4.133333 4.166667 4.200000 4.233333
4.266667 4.300000 4.333333 4.366667 4.400000 4.433333 4.466667 4.500000 4.533333</float_array><technique_common><accessor source="#Spine-Matrix-animation-input-array" count="137"><param name="TIME" type="float"/></accessor></technique_common></source><source id="Spine-Matrix-animation-output-transform"><float_array id="Spine-Matrix-animation-output-transform-array" count="2192">

0.982425 0.088312 0.164447 0.009000 -0.072280 0.992252 -0.101055 7.062600 -0.172097 0.087392 0.981196 -0.984700 0.000000 0.000000 0.000000 1.000000
0.981925 0.092310 0.165232 0.009000 -0.076570 0.992114 -0.099227 7.062600 -0.173088 0.084782 0.981250 -0.984700 0.000000 0.000000 0.000000 1.000000
0.981473 0.096248 0.165670 0.009000 -0.080950 0.992011 -0.096751 7.062600 -0.173659 0.081548 0.981424 -0.984700 0.000000 0.000000 0.000000 1.000000
0.981137 0.098488 0.166346 0.009000 -0.083679 0.992067 -0.093816 7.062600 -0.174266 0.078127 0.981594 -0.984700 0.000000 0.000000 0.000000 1.000000
0.980363 0.102568 0.168428 0.009000 -0.088364 0.992034 -0.089784 7.062600 -0.176295 0.073138 0.981616 -0.984700 0.000000 0.000000 0.000000 1.000000
0.979503 0.107608 0.170280 0.009000 -0.094315 0.991963 -0.084344 7.062600 -0.177987 0.066555 0.981779 -0.984700 0.000000 0.000000 0.000000 1.000000
0.978785 0.112763 0.171069 0.009000 -0.100686 0.991877 -0.077726 7.062600 -0.178444 0.058853 0.982188 -0.984700 0.000000 0.000000 0.000000 1.000000
0.977864 0.119051 0.172074 0.009000 -0.108510 0.991666 -0.069454 7.062600 -0.178909 0.049245 0.982633 -0.984700 0.000000 0.000000 0.000000 1.000000
0.976961 0.125351 0.172725 0.009000 -0.116239 0.991288 -0.061933 7.062600 -0.178984 0.040429 0.983021 -0.984700 0.000000 0.000000 0.000000 1.000000
0.976339 0.130229 0.172633 0.009000 -0.122485 0.990955 -0.054821 7.062600 -0.178211 0.032378 0.983459 -0.984700 0.000000 0.000000 0.000000 1.000000
0.975995 0.133284 0.172249 0.009000 -0.126982 0.990784 -0.047149 7.062600 -0.176946 0.024145 0.983924 -0.984700 0.000000 0.000000 0.000000 1.000000
0.975939 0.133444 0.172439 0.009000 -0.128655 0.990934 -0.038703 7.062600 -0.176041 0.015587 0.984259 -0.984700 0.000000 0.000000 0.000000 1.000000
0.975926 0.131178 0.174241 0.009000 -0.128104 0.991342 -0.028823 7.062600 -0.176513 0.005809 0.984281 -0.984700 0.000000 0.000000 0.000000 1.000000
0.975821 0.128160 0.177053 0.009000 -0.126996 0.991741 -0.017934 7.062600 -0.177889 -0.004985 0.984038 -0.984700 0.000000 0.000000 0.000000 1.000000
0.975637 0.125917 0.179661 0.009000 -0.126645 0.991920 -0.007456 7.062600 -0.179148 -0.015478 0.983700 -0.984700 0.000000 0.000000 0.000000 1.000000
0.975387 0.125187 0.181515 0.009000 -0.127800 0.991796 0.002726 7.062600 -0.179684 -0.025857 0.983384 -0.984700 0.000000 0.000000 0.000000 1.000000
0.975295 0.124090 0.182762 0.009000 -0.128697 0.991592 0.013524 7.062600 -0.179548 -0.036710 0.983064 -0.984700 0.000000 0.000000 0.000000 1.000000
0.975382 0.121793 0.183837 0.009000 -0.128343 0.991436 0.024120 7.062600 -0.179325 -0.047120 0.982661 -0.984700 0.000000 0.000000 0.000000 1.000000
0.975608 0.117577 0.185377 0.009000 -0.125968 0.991448 0.034115 7.062600 -0.179780 -0.056634 0.982075 -0.984700 0.000000 0.000000 0.000000 1.000000
0.975888 0.113113 0.186674 0.009000 -0.123325 0.991391 0.043990 7.062600 -0.180092 -0.065950 0.981436 -0.984700 0.000000 0.000000 0.000000 1.000000
0.976165 0.109831 0.187188 0.009000 -0.121783 0.991111 0.053561 7.062600 -0.179641 -0.075081 0.980863 -0.984700 0.000000 0.000000 0.000000 1.000000
0.976362 0.106853 0.187882 0.009000 -0.120578 0.990691 0.063178 7.062600 -0.179383 -0.084339 0.980158 -0.984700 0.000000 0.000000 0.000000 1.000000
0.976430 0.104684 0.188745 0.009000 -0.120144 0.990114 0.072390 7.062600 -0.179301 -0.093360 0.979354 -0.984700 0.000000 0.000000 0.000000 1.000000
0.976283 0.104761 0.189464 0.009000 -0.121982 0.989172 0.081607 7.062600 -0.178864 -0.102783 0.978490 -0.984700 0.000000 0.000000 0.000000 1.000000
0.976084 0.104493 0.190633 0.009000 -0.123627 0.988113 0.091376 7.062600 -0.178819 -0.112758 0.977399 -0.984700 0.000000 0.000000 0.000000 1.000000
0.975971 0.103696 0.191644 0.009000 -0.124471 0.987199 0.099724 7.062600 -0.178850 -0.121182 0.976385 -0.984700 0.000000 0.000000 0.000000 1.000000
0.975969 0.102707 0.192188 0.009000 -0.124933 0.986343 0.107325 7.062600 -0.178541 -0.128756 0.975472 -0.984700 0.000000 0.000000 0.000000 1.000000
0.975905 0.100608 0.193617 0.009000 -0.124499 0.985481 0.115445 7.062600 -0.179191 -0.136769 0.974261 -0.984700 0.000000 0.000000 0.000000 1.000000
0.975737 0.098721 0.195425 0.009000 -0.124064 0.984747 0.121986 7.062600 -0.180402 -0.143271 0.973103 -0.984700 0.000000 0.000000 0.000000 1.000000
0.975821 0.096475 0.196130 0.009000 -0.122749 0.984339 0.126531 7.062600 -0.180851 -0.147546 0.972380 -0.984700 0.000000 0.000000 0.000000 1.000000
0.975937 0.094375 0.196572 0.009000 -0.121435 0.983986 0.130483 7.062600 -0.181110 -0.151214 0.971768 -0.984700 0.000000 0.000000 0.000000 1.000000
0.975898 0.093010 0.197415 0.009000 -0.120832 0.983600 0.133907 7.062600 -0.181723 -0.154534 0.971131 -0.984700 0.000000 0.000000 0.000000 1.000000
0.975891 0.092224 0.197817 0.009000 -0.119899 0.983862 0.132812 7.062600 -0.182377 -0.153328 0.971200 -0.984700 0.000000 0.000000 0.000000 1.000000
0.975905 0.091827 0.197931 0.009000 -0.119109 0.984249 0.130644 7.062600 -0.182816 -0.151071 0.971471 -0.984700 0.000000 0.000000 0.000000 1.000000
0.975835 0.091953 0.198221 0.009000 -0.118775 0.984641 0.127962 7.062600 -0.183410 -0.148413 0.971769 -0.984700 0.000000 0.000000 0.000000 1.000000
0.975660 0.092638 0.198759 0.009000 -0.118958 0.985020 0.124837 7.062600 -0.184217 -0.145443 0.972065 -0.984700 0.000000 0.000000 0.000000 1.000000
0.975363 0.094049 0.199553 0.009000 -0.119933 0.985277 0.121840 7.062600 -0.185156 -0.142771 0.972283 -0.984700 0.000000 0.000000 0.000000 1.000000
0.975008 0.096322 0.200204 0.009000 -0.121835 0.985358 0.119275 7.062600 -0.185784 -0.140686 0.972467 -0.984700 0.000000 0.000000 0.000000 1.000000
0.974462 0.099993 0.201059 0.009000 -0.125183 0.985243 0.116727 7.062600 -0.186420 -0.138916 0.972600 -0.984700 0.000000 0.000000 0.000000 1.000000
0.973754 0.104378 0.202257 0.009000 -0.129194 0.985088 0.113625 7.062600 -0.187381 -0.136773 0.972719 -0.984700 0.000000 0.000000 0.000000 1.000000
0.972942 0.108498 0.203989 0.009000 -0.132745 0.985120 0.109170 7.062600 -0.189109 -0.133295 0.972867 -0.984700 0.000000 0.000000 0.000000 1.000000
0.972046 0.112392 0.206140 0.009000 -0.135937 0.985263 0.103819 7.062600 -0.191434 -0.128939 0.972999 -0.984700 0.000000 0.000000 0.000000 1.000000
0.971440 0.115184 0.207451 0.009000 -0.137880 0.985544 0.098448 7.062600 -0.193113 -0.124240 0.973279 -0.984700 0.000000 0.000000 0.000000 1.000000
0.971155 0.116823 0.207871 0.009000 -0.138582 0.985942 0.093344 7.062600 -0.194044 -0.119459 0.973692 -0.984700 0.000000 0.000000 0.000000 1.000000
0.970989 0.117930 0.208023 0.009000 -0.138511 0.986508 0.087269 7.062600 -0.194924 -0.113551 0.974223 -0.984700 0.000000 0.000000 0.000000 1.000000
0.970989 0.118572 0.207655 0.009000 -0.137498 0.987333 0.079166 7.062600 -0.195638 -0.105422 0.974993 -0.984700 0.000000 0.000000 0.000000 1.000000
0.971256 0.118410 0.206495 0.009000 -0.135515 0.988249 0.070708 7.062600 -0.195696 -0.096659 0.975889 -0.984700 0.000000 0.000000 0.000000 1.000000
0.971563 0.117934 0.205319 0.009000 -0.133362 0.989066 0.062947 7.062600 -0.195651 -0.088539 0.976669 -0.984700 0.000000 0.000000 0.000000 1.000000
0.971753 0.118368 0.204172 0.009000 -0.132122 0.989703 0.055058 7.062600 -0.195552 -0.080478 0.977386 -0.984700 0.000000 0.000000 0.000000 1.000000
0.971901 0.120026 0.202491 0.009000 -0.131833 0.990212 0.045817 7.062600 -0.195010 -0.071225 0.978212 -0.984700 0.000000 0.000000 0.000000 1.000000
0.972146 0.121417 0.200473 0.009000 -0.131088 0.990730 0.035641 7.062600 -0.194287 -0.060928 0.979051 -0.984700 0.000000 0.000000 0.000000 1.000000
0.972464 0.123011 0.197943 0.009000 -0.130606 0.991100 0.025732 7.062600 -0.193016 -0.050876 0.979876 -0.984700 0.000000 0.000000 0.000000 1.000000
0.972644 0.126014 0.195152 0.009000 -0.131728 0.991148 0.016531 7.062600 -0.191341 -0.041786 0.980634 -0.984700 0.000000 0.000000 0.000000 1.000000
0.972839 0.128879 0.192289 0.009000 -0.132622 0.991144 0.006668 7.062600 -0.189727 -0.031988 0.981316 -0.984700 0.000000 0.000000 0.000000 1.000000
0.972666 0.133223 0.190192 0.009000 -0.135030 0.990835 -0.003486 7.062600 -0.188913 -0.022291 0.981741 -0.984700 0.000000 0.000000 0.000000 1.000000
0.971923 0.140558 0.188705 0.009000 -0.140495 0.989986 -0.013783 7.062600 -0.188752 -0.013116 0.981937 -0.984700 0.000000 0.000000 0.000000 1.000000
0.971235 0.148157 0.186418 0.009000 -0.146149 0.988958 -0.024546 7.062600 -0.187997 -0.003405 0.982164 -0.984700 0.000000 0.000000 0.000000 1.000000
0.970577 0.155319 0.183999 0.009000 -0.151626 0.987851 -0.034063 7.062600 -0.187054 0.005162 0.982336 -0.984700 0.000000 0.000000 0.000000 1.000000
0.969936 0.161221 0.182299 0.009000 -0.156106 0.986840 -0.042162 7.062600 -0.186697 0.012437 0.982339 -0.984700 0.000000 0.000000 0.000000 1.000000
0.969924 0.162889 0.180874 0.009000 -0.156686 0.986473 -0.048168 7.062600 -0.186273 0.018379 0.982326 -0.984700 0.000000 0.000000 0.000000 1.000000
0.970386 0.161432 0.179696 0.009000 -0.154634 0.986639 -0.051312 7.062600 -0.185579 0.022005 0.982383 -0.984700 0.000000 0.000000 0.000000 1.000000
0.970862 0.159642 0.178722 0.009000 -0.152559 0.986883 -0.052789 7.062600 -0.184805 0.023985 0.982483 -0.984700 0.000000 0.000000 0.000000 1.000000
0.971545 0.157088 0.177265 0.009000 -0.149986 0.987274 -0.052861 7.062600 -0.183313 0.024770 0.982742 -0.984700 0.000000 0.000000 0.000000 1.000000
0.972586 0.153243 0.174908 0.009000 -0.146337 0.987878 -0.051798 7.062600 -0.180725 0.024782 0.983221 -0.984700 0.000000 0.000000 0.000000 1.000000
0.973596 0.149230 0.172747 0.009000 -0.142652 0.988511 -0.049957 7.062600 -0.178218 0.023995 0.983698 -0.984700 0.000000 0.000000 0.000000 1.000000
0.974267 0.145011 0.172557 0.009000 -0.138861 0.989184 -0.047254 7.062600 -0.177543 0.022077 0.983865 -0.984700 0.000000 0.000000 0.000000 1.000000
0.974977 0.138449 0.173930 0.009000 -0.132661 0.990161 -0.044530 7.062600 -0.178384 0.020341 0.983751 -0.984700 0.000000 0.000000 0.000000 1.000000
0.975445 0.132549 0.175890 0.009000 -0.127272 0.991020 -0.041000 7.062600 -0.179745 0.017608 0.983556 -0.984700 0.000000 0.000000 0.000000 1.000000
0.975757 0.128291 0.177314 0.009000 -0.123806 0.991647 -0.036179 7.062600 -0.180474 0.013350 0.983489 -0.984700 0.000000 0.000000 0.000000 1.000000
0.976083 0.124680 0.178090 0.009000 -0.121271 0.992168 -0.029947 7.062600 -0.180429 0.007633 0.983558 -0.984700 0.000000 0.000000 0.000000 1.000000
0.976305 0.123284 0.177850 0.009000 -0.120951 0.992370 -0.023946 7.062600 -0.179445 0.001867 0.983766 -0.984700 0.000000 0.000000 0.000000 1.000000
0.976415 0.123806 0.176877 0.009000 -0.122430 0.992301 -0.018714 7.062600 -0.177832 -0.003382 0.984055 -0.984700 0.000000 0.000000 0.000000 1.000000
0.976731 0.121949 0.176421 0.009000 -0.121557 0.992498 -0.013069 7.062600 -0.176691 -0.008680 0.984228 -0.984700 0.000000 0.000000 0.000000 1.000000
0.977164 0.117762 0.176867 0.009000 -0.118342 0.992946 -0.007306 7.062600 -0.176480 -0.013791 0.984208 -0.984700 0.000000 0.000000 0.000000 1.000000
0.977323 0.113926 0.178495 0.009000 -0.115504 0.993306 -0.001557 7.062600 -0.177477 -0.019095 0.983940 -0.984700 0.000000 0.000000 0.000000 1.000000
0.977232 0.111028 0.180803 0.009000 -0.113676 0.993508 0.004317 7.062600 -0.179150 -0.024772 0.983510 -0.984700 0.000000 0.000000 0.000000 1.000000
0.977110 0.109332 0.182488 0.009000 -0.113212 0.993511 0.010949 7.062600 -0.180106 -0.031358 0.983147 -0.984700 0.000000 0.000000 0.000000 1.000000
0.976974 0.108173 0.183904 0.009000 -0.113329 0.993399 0.017728 7.062600 -0.180772 -0.038162 0.982784 -0.984700 0.000000 0.000000 0.000000 1.000000
0.976905 0.106260 0.185379 0.009000 -0.112715 0.993323 0.024610 7.062600 -0.181526 -0.044936 0.982359 -0.984700 0.000000 0.000000 0.000000 1.000000
0.977209 0.102392 0.185951 0.009000 -0.110343 0.993349 0.032898 7.062600 -0.181346 -0.052666 0.982008 -0.984700 0.000000 0.000000 0.000000 1.000000
0.977668 0.096355 0.186763 0.009000 -0.105594 0.993599 0.040142 7.062600 -0.181700 -0.058966 0.981584 -0.984700 0.000000 0.000000 0.000000 1.000000
0.977986 0.089321 0.188586 0.009000 -0.099436 0.994032 0.044855 7.062600 -0.183454 -0.062620 0.981032 -0.984700 0.000000 0.000000 0.000000 1.000000
0.978132 0.082426 0.190953 0.009000 -0.093282 0.994455 0.048564 7.062600 -0.185891 -0.065314 0.980397 -0.984700 0.000000 0.000000 0.000000 1.000000
0.978147 0.077236 0.193036 0.009000 -0.088690 0.994732 0.051400 7.062600 -0.188049 -0.067397 0.979844 -0.984700 0.000000 0.000000 0.000000 1.000000
0.978250 0.073615 0.193927 0.009000 -0.085528 0.994883 0.053780 7.062600 -0.188976 -0.069197 0.979541 -0.984700 0.000000 0.000000 0.000000 1.000000
0.978325 0.071800 0.194227 0.009000 -0.084161 0.994869 0.056147 7.062600 -0.189199 -0.071276 0.979348 -0.984700 0.000000 0.000000 0.000000 1.000000
0.978257 0.071818 0.194564 0.009000 -0.084632 0.994702 0.058357 7.062600 -0.189343 -0.073554 0.979152 -0.984700 0.000000 0.000000 0.000000 1.000000
0.978056 0.072985 0.195140 0.009000 -0.086217 0.994457 0.060188 7.062600 -0.189665 -0.075691 0.978927 -0.984700 0.000000 0.000000 0.000000 1.000000
0.977918 0.073123 0.195779 0.009000 -0.086798 0.994282 0.062197 7.062600 -0.190112 -0.077816 0.978674 -0.984700 0.000000 0.000000 0.000000 1.000000
0.977809 0.073134 0.196321 0.009000 -0.087212 0.994129 0.064038 7.062600 -0.190485 -0.079739 0.978446 -0.984700 0.000000 0.000000 0.000000 1.000000
0.977832 0.072573 0.196414 0.009000 -0.086967 0.994045 0.065666 7.062600 -0.190479 -0.081292 0.978320 -0.984700 0.000000 0.000000 0.000000 1.000000
0.977903 0.070944 0.196655 0.009000 -0.085623 0.994061 0.067166 7.062600 -0.190722 -0.082520 0.978169 -0.984700 0.000000 0.000000 0.000000 1.000000
