<?xml version="1.0" encoding="utf-8"?>
<COLLADA xmlns="http://www.collada.org/2005/11/COLLADASchema" version="1.4.1">
  <asset><contributor><author>Mixamo</author><authoring_tool>COLLADA Mixamo exporter</authoring_tool><comments></comments></contributor><created>2021-01-05T16:21:28Z</created><modified>2021-01-05T16:21:28Z</modified><revision></revision><title></title><unit meter="0.010000"/><up_axis>Y_UP</up_axis></asset>
  <library_animations>
    <animation id="Hips-anim" name="Hips"><source id="Hips-Matrix-animation-input"><float_array id="Hips-Matrix-animation-input-array" count="91">

0.000000 0.033333 0.066667 0.100000 0.133333 0.166667 0.200000 0.233333 0.266667 0.300000 0.333333 0.366667 0.400000 0.433333 0.466667 0.500000
0.533333 0.566667 0.600000 0.633333 0.666667 0.700000 0.733333 0.766667 0.800000 0.833333 0.866667 0.900000 0.933333 0.966667 1.000000 1.033333
1.066667 1.100000 1.133333 1.166667 1.200000 1.233333 1.266667 1.300000 1.333333 1.366667 1.400000 1.433333 1.466667 1.500000 1.533333 1.566667
1.600000 1.633333 1.666667 1.700000 1.733333 1.766667 1.800000 1.833333 1.866667 1.900000 1.933333 1.966667 2.000000 2.033333 2.066667 2.100000
2.133333 2.166667 2.200000 2.233333 2.266667 2.300000 2.333333 2.366667 2.400000 2.433333 2.466667 2.500000 2.533333 2.566667 2.600000 2.633333
2.666667 2.700000 2.733333 2.766667 2.800000 2.833333 2.866667 2.900000 2.933333 2.966667 3.000000</float_array><technique_common><accessor source="#Hips-Matrix-animation-input-array" count="91"><param name="TIME" type="float"/></accessor></technique_common></source><source id="Hips-Matrix-animation-output-transform"><float_array id="Hips-Matrix-animation-output-transform-array" count="1456">

0.999277 0.006024 -0.037531 2.205737 -0.026531 0.817614 -0.575155 79.007401 0.027221 0.575735 0.817183 -8.030549 0.000000 0.000000 0.000000 1.000000
0.999232 0.006600 -0.038612 2.196874 -0.027643 0.817217 -0.575667 79.045212 0.027755 0.576292 0.816772 -7.969891 0.000000 0.000000 0.000000 1.000000
0.999182 0.007247 -0.039796 2.187408 -0.028879 0.816680 -0.576368 79.107132 0.028324 0.577045 0.816221 -7.915306 0.000000 0.000000 0.000000 1.000000
0.999127 0.007971 -0.041017 2.171468 -0.030204 0.816093 -0.577131 79.191032 0.028873 0.577866 0.815621 -7.869755 0.000000 0.000000 0.000000 1.000000
0.999070 0.008830 -0.042202 2.148328 -0.031618 0.815501 -0.577891 79.296188 0.029313 0.578688 0.815022 -7.819424 0.000000 0.000000 0.000000 1.000000
0.999013 0.009600 -0.043362 2.118107 -0.032947 0.814901 -0.578663 79.421532 0.029781 0.579521 0.814413 -7.768789 0.000000 0.000000 0.000000 1.000000
0.998957 0.010348 -0.044469 2.084450 -0.034229 0.814295 -0.579441 79.562424 0.030214 0.580359 0.813800 -7.718198 0.000000 0.000000 0.000000 1.000000
0.998902 0.011066 -0.045521 2.051656 -0.035455 0.813687 -0.580221 79.715630 0.030619 0.581198 0.813186 -7.666111 0.000000 0.000000 0.000000 1.000000
0.998849 0.011738 -0.046499 2.022919 -0.036602 0.813081 -0.580999 79.871109 0.030987 0.582033 0.812575 -7.611999 0.000000 0.000000 0.000000 1.000000
0.998801 0.012346 -0.047380 2.006925 -0.037640 0.812481 -0.581771 80.033432 0.031313 0.582857 0.811971 -7.557127 0.000000 0.000000 0.000000 1.000000
0.998758 0.012874 -0.048138 2.000680 -0.038543 0.811889 -0.582538 80.194939 0.031583 0.583670 0.811377 -7.504455 0.000000 0.000000 0.000000 1.000000
0.998709 0.013643 -0.048922 2.000467 -0.039658 0.811240 -0.583366 80.351616 0.031729 0.584553 0.810735 -7.456218 0.000000 0.000000 0.000000 1.000000
0.998684 0.014032 -0.049325 2.014965 -0.040237 0.810722 -0.584047 80.506348 0.031794 0.585264 0.810220 -7.414949 0.000000 0.000000 0.000000 1.000000
0.998674 0.014197 -0.049489 2.040475 -0.040492 0.810261 -0.584669 80.650398 0.031799 0.585897 0.809761 -7.379304 0.000000 0.000000 0.000000 1.000000
0.998667 0.014363 -0.049583 2.074322 -0.040705 0.809814 -0.585273 80.772720 0.031747 0.586511 0.809319 -7.347039 0.000000 0.000000 0.000000 1.000000
0.998661 0.014551 -0.049640 2.116889 -0.040914 0.809386 -0.585850 80.876778 0.031654 0.587097 0.808898 -7.317644 0.000000 0.000000 0.000000 1.000000
0.998649 0.014913 -0.049776 2.167873 -0.041308 0.808974 -0.586391 80.956093 0.031523 0.587655 0.808497 -7.290188 0.000000 0.000000 0.000000 1.000000
0.998635 0.015342 -0.049920 2.223764 -0.041760 0.808585 -0.586896 81.012985 0.031360 0.588180 0.808122 -7.266119 0.000000 0.000000 0.000000 1.000000
0.998628 0.015700 -0.049962 2.281509 -0.042093 0.808227 -0.587365 81.051399 0.031159 0.588662 0.807778 -7.247832 0.000000 0.000000 0.000000 1.000000
0.998624 0.016015 -0.049945 2.339310 -0.042354 0.807901 -0.587795 81.068680 0.030937 0.589101 0.807467 -7.234168 0.000000 0.000000 0.000000 1.000000
0.998622 0.016308 -0.049888 2.395060 -0.042572 0.807615 -0.588172 81.064476 0.030698 0.589485 0.807196 -7.224915 0.000000 0.000000 0.000000 1.000000
0.998621 0.016579 -0.049803 2.448284 -0.042752 0.807397 -0.588458 81.041145 0.030455 0.589776 0.806992 -7.219575 0.000000 0.000000 0.000000 1.000000
0.998619 0.016886 -0.049752 2.499300 -0.042976 0.807276 -0.588607 80.998940 0.030225 0.589932 0.806887 -7.216982 0.000000 0.000000 0.000000 1.000000
0.998634 0.016978 -0.049422 2.549780 -0.042854 0.807299 -0.588585 80.951546 0.029906 0.589899 0.806923 -7.228109 0.000000 0.000000 0.000000 1.000000
0.998650 0.017090 -0.049054 2.596450 -0.042720 0.807442 -0.588398 80.896927 0.029552 0.589699 0.807082 -7.248731 0.000000 0.000000 0.000000 1.000000
0.998668 0.017223 -0.048637 2.634702 -0.042571 0.807652 -0.588120 80.830704 0.029152 0.589407 0.807310 -7.281952 0.000000 0.000000 0.000000 1.000000
0.998690 0.017326 -0.048156 2.661708 -0.042358 0.807915 -0.587775 80.756721 0.028722 0.589044 0.807590 -7.326268 0.000000 0.000000 0.000000 1.000000
0.998712 0.017403 -0.047662 2.675878 -0.042116 0.808203 -0.587396 80.680351 0.028298 0.588646 0.807895 -7.392859 0.000000 0.000000 0.000000 1.000000
0.998737 0.017394 -0.047137 2.679569 -0.041786 0.808498 -0.587013 80.593933 0.027900 0.588242 0.808204 -7.418067 0.000000 0.000000 0.000000 1.000000
0.998766 0.017316 -0.046548 2.679691 -0.041361 0.808823 -0.586595 80.501778 0.027492 0.587797 0.808541 -7.443785 0.000000 0.000000 0.000000 1.000000
0.998798 0.017187 -0.045893 2.674383 -0.040857 0.809175 -0.586145 80.405563 0.027061 0.587316 0.808905 -7.473883 0.000000 0.000000 0.000000 1.000000
0.998834 0.017000 -0.045174 2.666191 -0.040266 0.809551 -0.585667 80.294708 0.026615 0.586804 0.809292 -7.507665 0.000000 0.000000 0.000000 1.000000
0.998873 0.016755 -0.044398 2.658082 -0.039595 0.809948 -0.585164 80.167061 0.026156 0.586262 0.809699 -7.543571 0.000000 0.000000 0.000000 1.000000
0.998914 0.016479 -0.043577 2.649635 -0.038873 0.810362 -0.584639 80.048050 0.025679 0.585698 0.810123 -7.581762 0.000000 0.000000 0.000000 1.000000
0.998945 0.016447 -0.042877 2.639943 -0.038419 0.810780 -0.584089 79.924156 0.025157 0.585120 0.810556 -7.626674 0.000000 0.000000 0.000000 1.000000
0.998970 0.016607 -0.042237 2.628992 -0.038158 0.811201 -0.583521 79.796898 0.024572 0.584531 0.810999 -7.678846 0.000000 0.000000 0.000000 1.000000
0.998996 0.016774 -0.041549 2.616965 -0.037873 0.811630 -0.582943 79.678741 0.023944 0.583931 0.811450 -7.733902 0.000000 0.000000 0.000000 1.000000
0.999031 0.016787 -0.040696 2.604530 -0.037368 0.812070 -0.582362 79.572723 0.023272 0.583318 0.811910 -7.790360 0.000000 0.000000 0.000000 1.000000
0.999064 0.016857 -0.039833 2.592714 -0.036905 0.812512 -0.581776 79.472656 0.022558 0.582701 0.812373 -7.849189 0.000000 0.000000 0.000000 1.000000
0.999098 0.016942 -0.038931 2.583453 -0.036432 0.812952 -0.581190 79.382851 0.021802 0.582084 0.812836 -7.909635 0.000000 0.000000 0.000000 1.000000
0.999133 0.017038 -0.037996 2.573001 -0.035950 0.813390 -0.580607 79.309868 0.021013 0.581469 0.813297 -7.970304 0.000000 0.000000 0.000000 1.000000
0.999170 0.017056 -0.036999 2.559138 -0.035371 0.813825 -0.580032 79.255157 0.020218 0.580859 0.813753 -8.030715 0.000000 0.000000 0.000000 1.000000
0.999208 0.017021 -0.035960 2.543638 -0.034724 0.814255 -0.579468 79.212738 0.019418 0.580258 0.814201 -8.091184 0.000000 0.000000 0.000000 1.000000
0.999249 0.016923 -0.034857 2.526972 -0.033992 0.814676 -0.578919 79.182137 0.018600 0.579669 0.814640 -8.149958 0.000000 0.000000 0.000000 1.000000
0.999291 0.016780 -0.033709 2.508508 -0.033197 0.815086 -0.578388 79.164391 0.017770 0.579096 0.815065 -8.206865 0.000000 0.000000 0.000000 1.000000
0.999333 0.016602 -0.032526 2.486389 -0.032356 0.815482 -0.577877 79.160919 0.016930 0.578544 0.815475 -8.262637 0.000000 0.000000 0.000000 1.000000
0.999375 0.016395 -0.031329 2.460792 -0.031484 0.815861 -0.577391 79.171341 0.016094 0.578016 0.815867 -8.317265 0.000000 0.000000 0.000000 1.000000
0.999416 0.016117 -0.030127 2.431586 -0.030554 0.816221 -0.576931 79.195724 0.015292 0.577515 0.816237 -8.368370 0.000000 0.000000 0.000000 1.000000
0.999455 0.015784 -0.028980 2.399850 -0.029612 0.816559 -0.576502 79.231323 0.014565 0.577046 0.816582 -8.413473 0.000000 0.000000 0.000000 1.000000
0.999491 0.015369 -0.027940 2.365048 -0.028665 0.816874 -0.576104 79.277496 0.013970 0.576612 0.816899 -8.448884 0.000000 0.000000 0.000000 1.000000
0.999522 0.014844 -0.027114 2.327244 -0.027754 0.817162 -0.575740 79.330330 0.013610 0.576217 0.817183 -8.469179 0.000000 0.000000 0.000000 1.000000
0.999548 0.014373 -0.026407 2.290229 -0.026956 0.817417 -0.575415 79.385666 0.013315 0.575867 0.817435 -8.486687 0.000000 0.000000 0.000000 1.000000
0.999566 0.013939 -0.025966 2.252246 -0.026343 0.817637 -0.575131 79.444824 0.013214 0.575565 0.817649 -8.493062 0.000000 0.000000 0.000000 1.000000
0.999583 0.013468 -0.025543 2.214119 -0.025710 0.817832 -0.574883 79.506630 0.013148 0.575300 0.817837 -8.496646 0.000000 0.000000 0.000000 1.000000
0.999597 0.013063 -0.025212 2.179274 -0.025184 0.818002 -0.574663 79.567635 0.013117 0.575067 0.818001 -8.497256 0.000000 0.000000 0.000000 1.000000
0.999606 0.012688 -0.025020 2.155224 -0.024764 0.818151 -0.574470 79.628410 0.013182 0.574863 0.818143 -8.493769 0.000000 0.000000 0.000000 1.000000
0.999614 0.012315 -0.024909 2.132277 -0.024392 0.818281 -0.574301 79.689430 0.013310 0.574687 0.818265 -8.487131 0.000000 0.000000 0.000000 1.000000
0.999618 0.011972 -0.024910 2.112942 -0.024109 0.818392 -0.574155 79.751251 0.013512 0.574536 0.818368 -8.477088 0.000000 0.000000 0.000000 1.000000
0.999620 0.011623 -0.024987 2.096998 -0.023866 0.818487 -0.574030 79.817047 0.013779 0.574408 0.818453 -8.463463 0.000000 0.000000 0.000000 1.000000
0.999622 0.011213 -0.025093 2.079862 -0.023589 0.818568 -0.573925 79.888176 0.014105 0.574300 0.818523 -8.446079 0.000000 0.000000 0.000000 1.000000
0.999624 0.010763 -0.025223 2.047717 -0.023293 0.818637 -0.573839 79.953743 0.014472 0.574211 0.818580 -8.427526 0.000000 0.000000 0.000000 1.000000
0.999629 0.010100 -0.025277 2.009279 -0.022780 0.818698 -0.573772 80.012032 0.014900 0.574135 0.818625 -8.407218 0.000000 0.000000 0.000000 1.000000
0.999637 0.009281 -0.025310 1.967982 -0.022128 0.818752 -0.573720 80.067230 0.015398 0.574072 0.818660 -8.393018 0.000000 0.000000 0.000000 1.000000
0.999641 0.008573 -0.025394 1.930127 -0.021595 0.818794 -0.573681 80.125603 0.015874 0.574024 0.818685 -8.383219 0.000000 0.000000 0.000000 1.000000
0.999645 0.007878 -0.025435 1.897215 -0.021049 0.818827 -0.573655 80.181656 0.016307 0.573987 0.818702 -8.374640 0.000000 0.000000 0.000000 1.000000
0.999651 0.007155 -0.025440 1.864579 -0.020459 0.818853 -0.573638 80.232185 0.016727 0.573958 0.818714 -8.374253 0.000000 0.000000 0.000000 1.000000
0.999653 0.006597 -0.025494 1.833302 -0.020033 0.818871 -0.573628 80.282013 0.017092 0.573940 0.818719 -8.375729 0.000000 0.000000 0.000000 1.000000
0.999655 0.006099 -0.025562 1.804286 -0.019664 0.818882 -0.573624 80.326569 0.017434 0.573929 0.818719 -8.379693 0.000000 0.000000 0.000000 1.000000
0.999655 0.005661 -0.025650 1.780437 -0.019356 0.818890 -0.573624 80.365410 0.017757 0.573923 0.818717 -8.386074 0.000000 0.000000 0.000000 1.000000
0.999654 0.005289 -0.025767 1.764356 -0.019118 0.818895 -0.573625 80.398285 0.018067 0.573920 0.818712 -8.394939 0.000000 0.000000 0.000000 1.000000
0.999652 0.004972 -0.025913 1.756874 -0.018943 0.818898 -0.573627 80.423607 0.018368 0.573918 0.818707 -8.406538 0.000000 0.000000 0.000000 1.000000
0.999652 0.004550 -0.025993 1.754808 -0.018643 0.818904 -0.573628 80.440514 0.018676 0.573912 0.818704 -8.418444 0.000000 0.000000 0.000000 1.000000
0.999652 0.004116 -0.026072 1.762093 -0.018332 0.818916 -0.573621 80.436974 0.018990 0.573899 0.818706 -8.431793 0.000000 0.000000 0.000000 1.000000
0.999646 0.003833 -0.026310 1.788344 -0.018237 0.818920 -0.573617 80.409164 0.019347 0.573894 0.818701 -8.453339 0.000000 0.000000 0.000000 1.000000
0.999638 0.003687 -0.026646 1.825591 -0.018311 0.818909 -0.573631 80.355347 0.019706 0.573912 0.818680 -8.472258 0.000000 0.000000 0.000000 1.000000
0.999627 0.003652 -0.027073 1.864581 -0.018528 0.818882 -0.573662 80.276566 0.020074 0.573950 0.818644 -8.487775 0.000000 0.000000 0.000000 1.000000
0.999612 0.003715 -0.027588 1.902647 -0.018877 0.818843 -0.573708 80.176102 0.020459 0.574006 0.818595 -8.498116 0.000000 0.000000 0.000000 1.000000
0.999596 0.003838 -0.028158 1.942248 -0.019307 0.818792 -0.573766 80.056686 0.020854 0.574078 0.818535 -8.499352 0.000000 0.000000 0.000000 1.000000
0.999577 0.004010 -0.028791 1.982709 -0.019813 0.818731 -0.573836 79.922745 0.021271 0.574164 0.818464 -8.491570 0.000000 0.000000 0.000000 1.000000
0.999555 0.004250 -0.029519 2.024007 -0.020430 0.818661 -0.573914 79.779282 0.021727 0.574262 0.818383 -8.476637 0.000000 0.000000 0.000000 1.000000
0.999530 0.004528 -0.030334 2.065257 -0.021128 0.818583 -0.574000 79.645515 0.022232 0.574371 0.818293 -8.453594 0.000000 0.000000 0.000000 1.000000
0.999501 0.004801 -0.031215 2.106168 -0.021861 0.818500 -0.574090 79.516258 0.022793 0.574486 0.818197 -8.421621 0.000000 0.000000 0.000000 1.000000
0.999471 0.005006 -0.032125 2.145232 -0.022554 0.818414 -0.574186 79.387917 0.023417 0.574607 0.818095 -8.379714 0.000000 0.000000 0.000000 1.000000
0.999440 0.005360 -0.033021 2.177226 -0.023363 0.818323 -0.574283 79.279831 0.023943 0.574733 0.817991 -8.337353 0.000000 0.000000 0.000000 1.000000
0.999410 0.005695 -0.033871 2.201181 -0.024128 0.818231 -0.574383 79.185226 0.024443 0.574861 0.817886 -8.293881 0.000000 0.000000 0.000000 1.000000
0.999383 0.005917 -0.034616 2.215452 -0.024742 0.818141 -0.574485 79.105774 0.024922 0.574987 0.817783 -8.252414 0.000000 0.000000 0.000000 1.000000
0.999360 0.006016 -0.035267 2.218540 -0.025202 0.818056 -0.574586 79.042503 0.025394 0.575107 0.817684 -8.209883 0.000000 0.000000 0.000000 1.000000
0.999340 0.006014 -0.035831 2.213655 -0.025528 0.817974 -0.574688 78.999557 0.025853 0.575223 0.817588 -8.165361 0.000000 0.000000 0.000000 1.000000
0.999325 0.005842 -0.036256 2.204060 -0.025634 0.817914 -0.574769 78.979820 0.026296 0.575311 0.817512 -8.121603 0.000000 0.000000 0.000000 1.000000
0.999308 0.005807 -0.036748 2.198288 -0.025893 0.817826 -0.574883 78.982147 0.026715 0.575436 0.817410 -8.077200 0.000000 0.000000 0.000000 1.000000
0.999277 0.006024 -0.037531 2.205739 -0.026531 0.817614 -0.575155 79.007401 0.027221 0.575735 0.817183 -8.030555 0.000000 0.000000 0.000000 1.000000</float_array><technique_common><accessor source="#Hips-Matrix-animation-output-transform-array" count="91" stride="16"><param type="float4x4"/></accessor></technique_common></source><source id="Hips-Interpolations"><Name_array id="Hips-Interpolations-array" count="91">
 LINEAR LINEAR LINEAR LINEAR LINEAR LINEAR LINEAR LINEAR LINEAR LINEAR LINEAR
LINEAR LINEAR LINEAR LINEAR LINEAR LINEAR LINEAR LINEAR LINEAR LINEAR LINEAR LINEAR
LINEAR LINEAR LINEAR LINEAR LINEAR LINEAR LINEAR LINEAR LINEAR LINEAR LINEAR LINEAR
LINEAR LINEAR LINEAR LINEAR LINEAR LINEAR LINEAR LINEAR LINEAR LINEAR LINEAR LINEAR
LINEAR LINEAR LINEAR LINEAR LINEAR LINEAR LINEAR LINEAR LINEAR LINEAR LINEAR LINEAR
LINEAR LINEAR LINEAR LINEAR LINEAR LINEAR LINEAR LINEAR LINEAR LINEAR LINEAR LINEAR
LINEAR LINEAR LINEAR LINEAR LINEAR LINEAR LINEAR LINEAR LINEAR LINEAR LINEAR LINEAR
LINEAR LINEAR LINEAR LINEAR LINEAR LINEAR LINEAR LINEAR</Name_array><technique_common><accessor source="#Hips-Interpolations-array" count="91"><param type="name"/></accessor></technique_common></source><sampler id="Hips-Matrix-animation-transform"><input semantic="INPUT" source="#Hips-Matrix-animation-input"/><input semantic="OUTPUT" source="#Hips-Matrix-animation-output-transform"/><input semantic="INTERPOLATION" source="#Hips-Interpolations"/></sampler><channel source="#Hips-Matrix-animation-transform" target="Hips/matrix"/></animation>
    <animation id="Spine-anim" name="Spine"><source id="Spine-Matrix-animation-input"><float_array id="Spine-Matrix-animation-input-array" count="91">

0.000000 0.033333 0.066667 0.100000 0.133333 0.166667 0.200000 0.233333 0.266667 0.300000 0.333333 0.366667 0.400000 0.433333 0.466667 0.500000
0.533333 0.566667 0.600000 0.633333 0.666667 0.700000 0.733333 0.766667 0.800000 0.833333 0.866667 0.900000 0.933333 0.966667 1.000000 1.033333
1.066667 1.100000 1.133333 1.166667 1.200000 1.233333 1.266667 1.300000 1.333333 1.366667 1.400000 1.433333 1.466667 1.500000 1.533333 1.566667
1.600000 1.633333 1.666667 1.700000 1.733333 1.766667 1.800000 1.833333 1.866667 1.900000 1.933333 1.966667 2.000000 2.033333 2.066667 2.100000
2.133333 2.166667 2.200000 2.233333 2.266667 2.300000 2.333333 2.366667 2.400000 2.433333 2.466667 2.500000 2.533333 2.566667 2.600000 2.633333
2.666667 2.700000 2.733333 2.766667 2.800000 2.833333 2.866667 2.900000 2.933333 2.966667 3.000000</float_array><technique_common><accessor source="#Spine-Matrix-animation-input-array" count="91"><param name="TIME" type="float"/></accessor></technique_common></source><source id="Spine-Matrix-animation-output-transform"><float_array id="Spine-Matrix-animation-output-transform-array" count="1456">

0.999258 -0.007525 0.037768 0.009000 0.006992 0.999875 0.014202 7.062600 -0.037871 -0.013927 0.999186 -0.984700 0.000000 0.000000 0.000000 1.000000
0.999230 -0.007523 0.038511 0.009000 0.006964 0.999869 0.014631 7.062600 -0.038616 -0.014352 0.999151 -0.984700 0.000000 0.000000 0.000000 1.000000
0.999206 -0.007400 0.039146 0.009000 0.006809 0.999861 0.015215 7.062600 -0.039253 -0.014936 0.999118 -0.984700 0.000000 0.000000 0.000000 1.000000
0.999182 -0.007427 0.039752 0.009000 0.006804 0.999852 0.015772 7.062600 -0.039863 -0.015488 0.999085 -0.984700 0.000000 0.000000 0.000000 1.000000
0.999155 -0.007843 0.040357 0.009000 0.007203 0.999846 0.015998 7.062600 -0.040476 -0.015694 0.999057 -0.984700 0.000000 0.000000 0.000000 1.000000
0.999126 -0.008383 0.040962 0.009000 0.007739 0.999844 0.015873 7.062600 -0.041089 -0.015543 0.999035 -0.984700 0.000000 0.000000 0.000000 1.000000
0.999096 -0.009073 0.041536 0.009000 0.008433 0.999843 0.015574 7.062600 -0.041671 -0.015210 0.999016 -0.984700 0.000000 0.000000 0.000000 1.000000
0.999066 -0.009852 0.042075 0.009000 0.009212 0.999839 0.015369 7.062600 -0.042219 -0.014967 0.998996 -0.984700 0.000000 0.000000 0.000000 1.000000
0.999037 -0.010679 0.042561 0.009000 0.010035 0.999832 0.015318 7.062600 -0.042718 -0.014876 0.998976 -0.984700 0.000000 0.000000 0.000000 1.000000
0.999010 -0.011500 0.042981 0.009000 0.010846 0.999822 0.015414 7.062600 -0.043151 -0.014932 0.998957 -0.984700 0.000000 0.000000 0.000000 1.000000
0.998987 -0.012276 0.043298 0.009000 0.011609 0.999810 0.015629 7.062600 -0.043482 -0.015111 0.998940 -0.984700 0.000000 0.000000 0.000000 1.000000
0.998963 -0.013227 0.043565 0.009000 0.012551 0.999797 0.015769 7.062600 -0.043765 -0.015206 0.998926 -0.984700 0.000000 0.000000 0.000000 1.000000
0.998952 -0.013830 0.043633 0.009000 0.013151 0.999789 0.015804 7.062600 -0.043842 -0.015214 0.998923 -0.984700 0.000000 0.000000 0.000000 1.000000
0.998951 -0.014242 0.043530 0.009000 0.013562 0.999782 0.015879 7.062600 -0.043746 -0.015272 0.998926 -0.984700 0.000000 0.000000 0.000000 1.000000
0.998949 -0.014732 0.043415 0.009000 0.014052 0.999775 0.015918 7.062600 -0.043640 -0.015291 0.998930 -0.984700 0.000000 0.000000 0.000000 1.000000
0.998944 -0.015242 0.043346 0.009000 0.014564 0.999767 0.015920 7.062600 -0.043579 -0.015272 0.998933 -0.984700 0.000000 0.000000 0.000000 1.000000
0.998930 -0.015931 0.043423 0.009000 0.015254 0.999757 0.015884 7.062600 -0.043666 -0.015204 0.998930 -0.984700 0.000000 0.000000 0.000000 1.000000
0.998911 -0.016682 0.043568 0.009000 0.016007 0.999747 0.015799 7.062600 -0.043820 -0.015085 0.998926 -0.984700 0.000000 0.000000 0.000000 1.000000
0.998896 -0.017349 0.043663 0.009000 0.016680 0.999738 0.015655 7.062600 -0.043923 -0.014909 0.998924 -0.984700 0.000000 0.000000 0.000000 1.000000
0.998882 -0.017957 0.043740 0.009000 0.017296 0.999731 0.015443 7.062600 -0.044006 -0.014670 0.998924 -0.984700 0.000000 0.000000 0.000000 1.000000
0.998868 -0.018525 0.043821 0.009000 0.017876 0.999725 0.015158 7.062600 -0.044090 -0.014358 0.998924 -0.984700 0.000000 0.000000 0.000000 1.000000
0.998851 -0.019091 0.043947 0.009000 0.018457 0.999720 0.014787 7.062600 -0.044217 -0.013959 0.998924 -0.984700 0.000000 0.000000 0.000000 1.000000
0.998827 -0.019748 0.044220 0.009000 0.019132 0.999714 0.014317 7.062600 -0.044490 -0.013454 0.998919 -0.984700 0.000000 0.000000 0.000000 1.000000
0.998809 -0.020286 0.044372 0.009000 0.019695 0.999712 0.013722 7.062600 -0.044637 -0.012832 0.998921 -0.984700 0.000000 0.000000 0.000000 1.000000
0.998786 -0.020915 0.044608 0.009000 0.020354 0.999708 0.013009 7.062600 -0.044867 -0.012085 0.998920 -0.984700 0.000000 0.000000 0.000000 1.000000
0.998763 -0.021543 0.044817 0.009000 0.021016 0.999705 0.012186 7.062600 -0.045066 -0.011229 0.998921 -0.984700 0.000000 0.000000 0.000000 1.000000
0.998745 -0.022085 0.044946 0.009000 0.021599 0.999703 0.011267 7.062600 -0.045182 -0.010282 0.998926 -0.984700 0.000000 0.000000 0.000000 1.000000
0.998733 -0.022500 0.045007 0.009000 0.022082 0.999708 0.009764 7.062600 -0.045214 -0.008758 0.998939 -0.984700 0.000000 0.000000 0.000000 1.000000
0.998731 -0.022813 0.044901 0.009000 0.022400 0.999702 0.009688 7.062600 -0.045108 -0.008670 0.998944 -0.984700 0.000000 0.000000 0.000000 1.000000
0.998736 -0.023044 0.044677 0.009000 0.022630 0.999696 0.009738 7.062600 -0.044888 -0.008714 0.998954 -0.984700 0.000000 0.000000 0.000000 1.000000
0.998747 -0.023213 0.044325 0.009000 0.022797 0.999692 0.009859 7.062600 -0.044540 -0.008836 0.998969 -0.984700 0.000000 0.000000 0.000000 1.000000
0.998769 -0.023329 0.043771 0.009000 0.022907 0.999687 0.010106 7.062600 -0.043993 -0.009091 0.998990 -0.984700 0.000000 0.000000 0.000000 1.000000
0.998803 -0.023410 0.042937 0.009000 0.022977 0.999680 0.010542 7.062600 -0.043170 -0.009543 0.999022 -0.984700 0.000000 0.000000 0.000000 1.000000
0.998847 -0.023469 0.041886 0.009000 0.023021 0.999673 0.011134 7.062600 -0.042134 -0.010157 0.999060 -0.984700 0.000000 0.000000 0.000000 1.000000
0.998883 -0.023765 0.040836 0.009000 0.023299 0.999658 0.011851 7.062600 -0.041103 -0.010887 0.999096 -0.984700 0.000000 0.000000 0.000000 1.000000
0.998914 -0.024233 0.039782 0.009000 0.023746 0.999638 0.012654 7.062600 -0.040074 -0.011695 0.999128 -0.984700 0.000000 0.000000 0.000000 1.000000
0.998947 -0.024668 0.038672 0.009000 0.024163 0.999617 0.013492 7.062600 -0.038990 -0.012544 0.999161 -0.984700 0.000000 0.000000 0.000000 1.000000
0.998988 -0.024896 0.037448 0.009000 0.024374 0.999600 0.014322 7.062600 -0.037790 -0.013395 0.999196 -0.984700 0.000000 0.000000 0.000000 1.000000
0.999025 -0.025114 0.036316 0.009000 0.024578 0.999584 0.015113 7.062600 -0.036680 -0.014206 0.999226 -0.984700 0.000000 0.000000 0.000000 1.000000
0.999056 -0.025260 0.035335 0.009000 0.024713 0.999569 0.015828 7.062600 -0.035720 -0.014940 0.999250 -0.984700 0.000000 0.000000 0.000000 1.000000
0.999084 -0.025338 0.034495 0.009000 0.024782 0.999558 0.016450 7.062600 -0.034897 -0.015580 0.999269 -0.984700 0.000000 0.000000 0.000000 1.000000
0.999120 -0.025339 0.033415 0.009000 0.024783 0.999549 0.016930 7.062600 -0.033829 -0.016087 0.999298 -0.984700 0.000000 0.000000 0.000000 1.000000
0.999166 -0.025294 0.032067 0.009000 0.024750 0.999545 0.017233 7.062600 -0.032488 -0.016425 0.999337 -0.984700 0.000000 0.000000 0.000000 1.000000
0.999218 -0.025183 0.030471 0.009000 0.024662 0.999546 0.017325 7.062600 -0.030893 -0.016560 0.999385 -0.984700 0.000000 0.000000 0.000000 1.000000
0.999276 -0.025010 0.028675 0.009000 0.024524 0.999551 0.017194 7.062600 -0.029092 -0.016479 0.999441 -0.984700 0.000000 0.000000 0.000000 1.000000
0.999336 -0.024780 0.026723 0.009000 0.024334 0.999561 0.016887 7.062600 -0.027130 -0.016225 0.999500 -0.984700 0.000000 0.000000 0.000000 1.000000
0.999396 -0.024487 0.024665 0.009000 0.024085 0.999575 0.016431 7.062600 -0.025057 -0.015827 0.999561 -0.984700 0.000000 0.000000 0.000000 1.000000
0.999456 -0.024081 0.022542 0.009000 0.023727 0.999593 0.015847 7.062600 -0.022914 -0.015303 0.999620 -0.984700 0.000000 0.000000 0.000000 1.000000
0.999513 -0.023569 0.020445 0.009000 0.023262 0.999615 0.015153 7.062600 -0.020794 -0.014670 0.999676 -0.984700 0.000000 0.000000 0.000000 1.000000
0.999567 -0.022917 0.018456 0.009000 0.022653 0.999640 0.014372 7.062600 -0.018779 -0.013948 0.999726 -0.984700 0.000000 0.000000 0.000000 1.000000
0.999616 -0.022088 0.016716 0.009000 0.021863 0.999670 0.013524 7.062600 -0.017009 -0.013153 0.999769 -0.984700 0.000000 0.000000 0.000000 1.000000
0.999660 -0.021235 0.015157 0.009000 0.021044 0.999699 0.012628 7.062600 -0.015421 -0.012305 0.999805 -0.984700 0.000000 0.000000 0.000000 1.000000
0.999696 -0.020336 0.013961 0.009000 0.020173 0.999728 0.011708 7.062600 -0.014195 -0.011423 0.999834 -0.984700 0.000000 0.000000 0.000000 1.000000
0.999730 -0.019319 0.012928 0.009000 0.019180 0.999758 0.010774 7.062600 -0.013134 -0.010524 0.999858 -0.984700 0.000000 0.000000 0.000000 1.000000
0.999759 -0.018268 0.012176 0.009000 0.018149 0.999787 0.009849 7.062600 -0.012353 -0.009625 0.999877 -0.984700 0.000000 0.000000 0.000000 1.000000
0.999783 -0.017196 0.011775 0.009000 0.017092 0.999814 0.008943 7.062600 -0.011927 -0.008740 0.999891 -0.984700 0.000000 0.000000 0.000000 1.000000
0.999802 -0.016155 0.011579 0.009000 0.016063 0.999838 0.008071 7.062600 -0.011708 -0.007883 0.999900 -0.984700 0.000000 0.000000 0.000000 1.000000
0.999818 -0.015178 0.011590 0.009000 0.015094 0.999860 0.007247 7.062600 -0.011698 -0.007071 0.999907 -0.984700 0.000000 0.000000 0.000000 1.000000
0.999830 -0.014218 0.011767 0.009000 0.014143 0.999879 0.006488 7.062600 -0.011858 -0.006320 0.999910 -0.984700 0.000000 0.000000 0.000000 1.000000
0.999841 -0.013165 0.012052 0.009000 0.013096 0.999897 0.005808 7.062600 -0.012127 -0.005649 0.999911 -0.984700 0.000000 0.000000 0.000000 1.000000
0.999850 -0.012022 0.012432 0.009000 0.011958 0.999915 0.005212 7.062600 -0.012493 -0.005063 0.999909 -0.984700 0.000000 0.000000 0.000000 1.000000
0.999861 -0.010637 0.012802 0.009000 0.010576 0.999932 0.004820 7.062600 -0.012853 -0.004684 0.999906 -0.984700 0.000000 0.000000 0.000000 1.000000
0.999871 -0.009078 0.013214 0.009000 0.009019 0.999949 0.004533 7.062600 -0.013254 -0.004413 0.999902 -0.984700 0.000000 0.000000 0.000000 1.000000
0.999877 -0.007621 0.013734 0.009000 0.007563 0.999962 0.004263 7.062600 -0.013766 -0.004158 0.999897 -0.984700 0.000000 0.000000 0.000000 1.000000
0.999879 -0.006181 0.014265 0.009000 0.006124 0.999973 0.004003 7.062600 -0.014290 -0.003915 0.999890 -0.984700 0.000000 0.000000 0.000000 1.000000
0.999879 -0.004730 0.014811 0.009000 0.004674 0.999982 0.003752 7.062600 -0.014828 -0.003683 0.999883 -0.984700 0.000000 0.000000 0.000000 1.000000
0.999875 -0.003478 0.015449 0.009000 0.003424 0.999988 0.003544 7.062600 -0.015461 -0.003491 0.999874 -0.984700 0.000000 0.000000 0.000000 1.000000
0.999867 -0.002343 0.016139 0.009000 0.002285 0.999991 0.003566 7.062600 -0.016147 -0.003529 0.999863 -0.984700 0.000000 0.000000 0.000000 1.000000
0.999856 -0.001336 0.016889 0.009000 0.001272 0.999992 0.003779 7.062600 -0.016893 -0.003757 0.999850 -0.984700 0.000000 0.000000 0.000000 1.000000
0.999844 -0.000473 0.017633 0.009000 0.000402 0.999992 0.004019 7.062600 -0.017634 -0.004012 0.999836 -0.984700 0.000000 0.000000 0.000000 1.000000
0.999832 0.000253 0.018352 0.009000 -0.000332 0.999991 0.004308 7.062600 -0.018350 -0.004313 0.999822 -0.984700 0.000000 0.000000 0.000000 1.000000
0.999819 0.000818 0.019020 0.009000 -0.000906 0.999989 0.004599 7.062600 -0.019016 -0.004615 0.999809 -0.984700 0.000000 0.000000 0.000000 1.000000
0.999805 0.001097 0.019696 0.009000 -0.001194 0.999987 0.004914 7.062600 -0.019690 -0.004937 0.999794 -0.984700 0.000000 0.000000 0.000000 1.000000
0.999789 0.001041 0.020528 0.009000 -0.001150 0.999985 0.005284 7.062600 -0.020522 -0.005307 0.999775 -0.984700 0.000000 0.000000 0.000000 1.000000
0.999770 0.000700 0.021435 0.009000 -0.000822 0.999983 0.005712 7.062600 -0.021430 -0.005728 0.999754 -0.984700 0.000000 0.000000 0.000000 1.000000
0.999749 0.000105 0.022411 0.009000 -0.000244 0.999981 0.006196 7.062600 -0.022410 -0.006200 0.999730 -0.984700 0.000000 0.000000 0.000000 1.000000
0.999725 -0.000673 0.023452 0.009000 0.000515 0.999977 0.006734 7.062600 -0.023456 -0.006720 0.999702 -0.984700 0.000000 0.000000 0.000000 1.000000
0.999698 -0.001540 0.024521 0.009000 0.001360 0.999972 0.007322 7.062600 -0.024532 -0.007286 0.999672 -0.984700 0.000000 0.000000 0.000000 1.000000
0.999669 -0.002427 0.025623 0.009000 0.002223 0.999966 0.007958 7.062600 -0.025641 -0.007898 0.999640 -0.984700 0.000000 0.000000 0.000000 1.000000
0.999636 -0.003294 0.026785 0.009000 0.003064 0.999958 0.008641 7.062600 -0.026813 -0.008556 0.999604 -0.984700 0.000000 0.000000 0.000000 1.000000
0.999599 -0.004121 0.028005 0.009000 0.003860 0.999949 0.009350 7.062600 -0.028042 -0.009238 0.999564 -0.984700 0.000000 0.000000 0.000000 1.000000
0.999560 -0.004877 0.029269 0.009000 0.004585 0.999939 0.010048 7.062600 -0.029317 -0.009909 0.999521 -0.984700 0.000000 0.000000 0.000000 1.000000
0.999518 -0.005500 0.030542 0.009000 0.005174 0.999929 0.010743 7.062600 -0.030599 -0.010580 0.999476 -0.984700 0.000000 0.000000 0.000000 1.000000
0.999476 -0.006207 0.031777 0.009000 0.005846 0.999917 0.011462 7.062600 -0.031845 -0.011270 0.999429 -0.984700 0.000000 0.000000 0.000000 1.000000
0.999434 -0.006828 0.032943 0.009000 0.006430 0.999905 0.012173 7.062600 -0.033023 -0.011954 0.999383 -0.984700 0.000000 0.000000 0.000000 1.000000
0.999396 -0.007255 0.033986 0.009000 0.006828 0.999897 0.012651 7.062600 -0.034074 -0.012412 0.999342 -0.984700 0.000000 0.000000 0.000000 1.000000
0.999362 -0.007477 0.034915 0.009000 0.007028 0.999891 0.012968 7.062600 -0.035009 -0.012714 0.999306 -0.984700 0.000000 0.000000 0.000000 1.000000
0.999333 -0.007541 0.035738 0.009000 0.007071 0.999887 0.013256 7.062600 -0.035834 -0.012994 0.999273 -0.984700 0.000000 0.000000 0.000000 1.000000
0.999309 -0.007491 0.036404 0.009000 0.007000 0.999883 0.013589 7.062600 -0.036502 -0.013325 0.999245 -0.984700 0.000000 0.000000 0.000000 1.000000
0.999285 -0.007526 0.037045 0.009000 0.007015 0.999879 0.013898 7.062600 -0.037145 -0.013629 0.999217 -0.984700 0.000000 0.000000 0.000000 1.000000
0.999258 -0.007525 0.037768 0.009000 0.006993 0.999875 0.014202 7.062600 -0.037870 -0.013927 0.999186 -0.984700 0.000000 0.000000 0.000000 1.000000</float_array><technique_common><accessor source="#Spine-Matrix-animation-output-transform-array" count="91" stride="16"><param type="float4x4"/></accessor></technique_common></source><source id="Spine-Interpolations"><Name_array id="Spine-Interpolations-array" count="91">
 LINEAR LINEAR LINEAR LINEAR LINEAR LINEAR LINEAR LINEAR LINEAR LINEAR LINEAR
LINEAR LINEAR LINEAR LINEAR LINEAR LINEAR LINEAR LINEAR LINEAR LINEAR LINEAR LINEAR
LINEAR LINEAR LINEAR LINEAR LINEAR LINEAR LINEAR LINEAR LINEAR LINEAR LINEAR LINEAR
LINEAR LINEAR LINEAR LINEAR LINEAR LINEAR LINEAR LINEAR LINEAR LINEAR LINEAR LINEAR
LINEAR LINEAR LINEAR LINEAR LINEAR LINEAR LINEAR LINEAR LINEAR LINEAR LINEAR LINEAR
LINEAR LINEAR LINEAR LINEAR LINEAR LINEAR LINEAR LINEAR LINEAR LINEAR LINEAR LINEAR
LINEAR LINEAR LINEAR LINEAR LINEAR LINEAR LINEAR LINEAR LINEAR LINEAR LINEAR LINEAR
LINEAR LINEAR LINEAR LINEAR LINEAR LINEAR LINEAR LINEAR</Name_array><technique_common><accessor source="#Spine-Interpolations-array" count="91"><param type="name"/></accessor></technique_common></source><sampler id="Spine-Matrix-animation-transform"><input semantic="INPUT" source="#Spine-Matrix-animation-input"/><input semantic="OUTPUT" source="#Spine-Matrix-animation-output-transform"/><input semantic="INTERPOLATION" source="#Spine-Interpolations"/></sampler><channel source="#Spine-Matrix-animation-transform" target="Spine/matrix"/></animation>
    <animation id="Spine1-anim" name="Spine1"><source id="Spine1-Matrix-animation-input"><float_array id="Spine1-Matrix-animation-input-array" count="91">

0.000000 0.033333 0.066667 0.100000 0.133333 0.166667 0.200000 0.233333 0.266667 0.300000 0.333333 0.366667 0.400000 0.433333 0.466667 0.500000
0.533333 0.566667 0.600000 0.633333 0.666667 0.700000 0.733333 0.766667 0.800000 0.833333 0.866667 0.900000 0.933333 0.966667 1.000000 1.033333
1.066667 1.100000 1.133333 1.166667 1.200000 1.233333 1.266667 1.300000 1.333333 1.366667 1.400000 1.433333 1.466667 1.500000 1.533333 1.566667
1.600000 1.633333 1.666667 1.700000 1.733333 1.766667 1.800000 1.833333 1.866667 1.900000 1.933333 1.966667 2.000000 2.033333 2.066667 2.100000
2.133333 2.166667 2.200000 2.233333 2.266667 2.300000 2.333333 2.366667 2.400000 2.433333 2.466667 2.500000 2.533333 2.566667 2.600000 2.633333
2.666667 2.700000 2.733333 2.766667 2.800000 2.833333 2.866667 2.900000 2.933333 2.966667 3.000000</float_array><technique_common><accessor source="#Spine1-Matrix-animation-input-array" count="91"><param name="TIME" type="float"/></accessor></technique_common></source><source id="Spine1-Matrix-animation-output-transform"><float_array id="Spine1-Matrix-animation-output-transform-array" count="1456">

0.999210 -0.026736 -0.029391 0.012400 0.025175 0.998316 -0.052270 8.239700 0.030739 0.051489 0.998200 -1.148800 0.000000 0.000000 0.000000 1.000000
0.999229 -0.027223 -0.028295 0.012400 0.025734 0.998330 -0.051719 8.239700 0.029656 0.050951 0.998261 -1.148800 0.000000 0.000000 0.000000 1.000000
0.999246 -0.027891 -0.026994 0.012400 0.026484 0.998340 -0.051151 8.239700 0.028376 0.050397 0.998326 -1.148800 0.000000 0.000000 0.000000 1.000000
0.999260 -0.028687 -0.025632 0.012400 0.027361 0.998340 -0.050681 8.239700 0.027043 0.049942 0.998386 -1.148800 0.000000 0.000000 0.000000 1.000000
0.999267 -0.029631 -0.024253 0.012400 0.028380 0.998326 -0.050396 8.239700 0.025706 0.049671 0.998435 -1.148800 0.000000 0.000000 0.000000 1.000000
0.999267 -0.030715 -0.022838 0.012400 0.029534 0.998295 -0.050350 8.239700 0.024345 0.049638 0.998471 -1.148800 0.000000 0.000000 0.000000 1.000000
0.999262 -0.031892 -0.021393 0.012400 0.030780 0.998252 -0.050448 8.239700 0.022965 0.049753 0.998498 -1.148800 0.000000 0.000000 0.000000 1.000000
0.999253 -0.033112 -0.019929 0.012400 0.032069 0.998207 -0.050549 8.239700 0.021567 0.049872 0.998523 -1.148800 0.000000 0.000000 0.000000 1.000000
0.999240 -0.034347 -0.018444 0.012400 0.033375 0.998160 -0.050632 8.239700 0.020149 0.049978 0.998547 -1.148800 0.000000 0.000000 0.000000 1.000000
0.999223 -0.035585 -0.016933 0.012400 0.034686 0.998110 -0.050718 8.239700 0.018706 0.050091 0.998569 -1.148800 0.000000 0.000000 0.000000 1.000000
0.999204 -0.036799 -0.015413 0.012400 0.035974 0.998061 -0.050802 8.239700 0.017253 0.050207 0.998590 -1.148800 0.000000 0.000000 0.000000 1.000000
0.999181 -0.038006 -0.013857 0.012400 0.037255 0.998006 -0.050953 8.239700 0.015766 0.050395 0.998605 -1.148800 0.000000 0.000000 0.000000 1.000000
0.999163 -0.038963 -0.012450 0.012400 0.038278 0.997953 -0.051234 8.239700 0.014421 0.050715 0.998609 -1.148800 0.000000 0.000000 0.000000 1.000000
0.999149 -0.039711 -0.011142 0.012400 0.039087 0.997906 -0.051539 8.239700 0.013165 0.051060 0.998609 -1.148800 0.000000 0.000000 0.000000 1.000000
0.999138 -0.040343 -0.009801 0.012400 0.039782 0.997858 -0.051930 8.239700 0.011876 0.051495 0.998603 -1.148800 0.000000 0.000000 0.000000 1.000000
0.999128 -0.040898 -0.008386 0.012400 0.040404 0.997810 -0.052380 8.239700 0.010510 0.051995 0.998592 -1.148800 0.000000 0.000000 0.000000 1.000000
0.999120 -0.041371 -0.006933 0.012400 0.040948 0.997761 -0.052882 8.239700 0.009105 0.052551 0.998577 -1.148800 0.000000 0.000000 0.000000 1.000000
0.999113 -0.041764 -0.005470 0.012400 0.041413 0.997713 -0.053429 8.239700 0.007689 0.053155 0.998557 -1.148800 0.000000 0.000000 0.000000 1.000000
0.999106 -0.042077 -0.004026 0.012400 0.041799 0.997665 -0.054015 8.239700 0.006289 0.053798 0.998532 -1.148800 0.000000 0.000000 0.000000 1.000000
0.999101 -0.042314 -0.002627 0.012400 0.042107 0.997618 -0.054632 8.239700 0.004932 0.054472 0.998503 -1.148800 0.000000 0.000000 0.000000 1.000000
0.999097 -0.042470 -0.001308 0.012400 0.042332 0.997573 -0.055278 8.239700 0.003652 0.055173 0.998470 -1.148800 0.000000 0.000000 0.000000 1.000000
0.999095 -0.042529 -0.000116 0.012400 0.042456 0.997530 -0.055964 8.239700 0.002496 0.055908 0.998433 -1.148800 0.000000 0.000000 0.000000 1.000000
0.999097 -0.042474 0.000894 0.012400 0.042456 0.997488 -0.056704 8.239700 0.001517 0.056691 0.998391 -1.148800 0.000000 0.000000 0.000000 1.000000
0.999104 -0.042283 0.001667 0.012400 0.042309 0.997448 -0.057515 8.239700 0.000769 0.057534 0.998343 -1.148800 0.000000 0.000000 0.000000 1.000000
0.999117 -0.041969 0.002187 0.012400 0.042025 0.997409 -0.058380 8.239700 0.000269 0.058420 0.998292 -1.148800 0.000000 0.000000 0.000000 1.000000
0.999132 -0.041576 0.002476 0.012400 0.041649 0.997374 -0.059252 8.239700 -0.000006 0.059304 0.998240 -1.148800 0.000000 0.000000 0.000000 1.000000
0.999151 -0.041116 0.002519 0.012400 0.041193 0.997342 -0.060101 8.239700 -0.000041 0.060153 0.998189 -1.148800 0.000000 0.000000 0.000000 1.000000
0.999171 -0.040642 0.002330 0.012400 0.040709 0.997295 -0.061198 8.239700 0.000164 0.061242 0.998123 -1.148800 0.000000 0.000000 0.000000 1.000000
0.999190 -0.040192 0.001925 0.012400 0.040234 0.997307 -0.061321 8.239700 0.000545 0.061349 0.998116 -1.148800 0.000000 0.000000 0.000000 1.000000
0.999209 -0.039736 0.001306 0.012400 0.039741 0.997329 -0.061278 8.239700 0.001133 0.061281 0.998120 -1.148800 0.000000 0.000000 0.000000 1.000000
0.999228 -0.039288 0.000458 0.012400 0.039243 0.997360 -0.061091 8.239700 0.001944 0.061062 0.998132 -1.148800 0.000000 0.000000 0.000000 1.000000
0.999243 -0.038891 -0.000759 0.012400 0.038773 0.997406 -0.060651 8.239700 0.003115 0.060576 0.998159 -1.148800 0.000000 0.000000 0.000000 1.000000
0.999252 -0.038586 -0.002503 0.012400 0.038367 0.997471 -0.059831 8.239700 0.004806 0.059691 0.998205 -1.148800 0.000000 0.000000 0.000000 1.000000
0.999254 -0.038343 -0.004664 0.012400 0.038003 0.997552 -0.058700 8.239700 0.006903 0.058479 0.998265 -1.148800 0.000000 0.000000 0.000000 1.000000
0.999248 -0.038127 -0.007115 0.012400 0.037657 0.997644 -0.057336 8.239700 0.009284 0.057025 0.998330 -1.148800 0.000000 0.000000 0.000000 1.000000
0.999234 -0.037906 -0.009732 0.012400 0.037306 0.997744 -0.055817 8.239700 0.011825 0.055411 0.998394 -1.148800 0.000000 0.000000 0.000000 1.000000
0.999214 -0.037649 -0.012392 0.012400 0.036925 0.997846 -0.054219 8.239700 0.014406 0.053719 0.998452 -1.148800 0.000000 0.000000 0.000000 1.000000
0.999191 -0.037325 -0.014972 0.012400 0.036490 0.997948 -0.052621 8.239700 0.016906 0.052032 0.998502 -1.148800 0.000000 0.000000 0.000000 1.000000
0.999168 -0.036906 -0.017354 0.012400 0.035977 0.998045 -0.051101 8.239700 0.019206 0.050434 0.998543 -1.148800 0.000000 0.000000 0.000000 1.000000
